12 -20 64 -6 92 -42 -48 -46 -82 -16 -4 -52 87 -72 69 7 90 88 -54 -2 -49 45 70 12 -26 
-6 76 69 -93 -87 81 -18 12 16 34 75 -16 66 -37 74 3 -81 89 -58 -64 87 -53 48 -74 -91 
-43 -3 83 96 48 -36 -95 41 -96 80 38 -77 -72 30 13 16 -65 38 -72 72 -97 -57 52 91 -8 
1 -66 -18 57 66 -34 -52 -6 58 42 18 43 85 32 39 27 -57 87 21 58 -74 -82 60 -19 -16 
-74 36 -36 -82 16 23 72 -67 96 -50 47 -78 60 21 -78 -51 -55 -1 -38 -3 -28 -58 -64 -17 6 
90 59 69 -99 -49 60 -23 -6 -10 83 9 -52 -45 1 35 3 -32 9 86 -41 97 -9 42 21 -74 
-83 -74 42 -37 61 5 -15 -43 76 44 -91 -29 8 45 90 -94 44 14 -31 84 8 66 62 42 19 
47 36 75 62 39 -95 -73 -100 21 -56 3 -85 74 60 73 93 98 52 30 52 -61 94 -65 66 57 
31 -89 80 -39 2 44 24 -82 -88 13 -12 90 67 -17 7 -37 34 8 -93 -93 94 48 45 -43 43 
-81 -79 -45 72 32 70 65 -73 46 -65 -71 77 -46 -4 -87 60 -27 49 46 -35 -3 -64 62 45 -57 
-67 -60 87 -88 -92 -59 44 -94 -72 -41 -42 48 32 -25 -65 -13 60 -26 -38 -62 69 -9 -20 -92 26 
-71 -68 18 18 -62 -49 67 -77 -8 6 -85 27 -65 -9 -9 -10 12 78 89 -47 -61 -79 -74 47 81 
65 90 -21 82 -90 -87 -56 20 -22 -37 -21 -67 -62 80 4 -91 -61 1 70 84 75 58 -74 -79 30 
61 61 53 -63 81 -26 69 -8 -73 -35 -33 -51 -99 9 89 37 -40 38 67 -40 41 -58 40 -39 60 
-53 -95 -80 -89 -62 -39 99 90 -9 -14 50 -97 95 -41 52 71 -1 -19 -47 -12 -19 68 86 42 85 
77 30 88 -70 8 73 -20 29 -63 -55 84 11 73 38 24 -41 -44 -84 -12 24 -100 55 -88 -47 70 
-60 -63 93 3 -11 -95 -35 16 -2 28 2 -82 -65 0 -21 -62 -32 85 -100 63 100 30 -97 -73 37 
1 -4 70 26 -56 -22 16 -56 -23 -70 -5 79 -90 -55 -19 -83 30 -22 -14 58 83 -3 -58 -45 -63 
-84 76 -23 70 41 52 8 -34 17 -28 46 -45 3 -33 26 -27 -91 -91 -93 -72 -90 -85 58 27 -80 
-16 70 -48 3 -22 92 -78 23 -39 -24 -24 -82 26 29 92 -19 -26 75 91 -89 47 -53 5 -47 29 
4 -80 1 -57 84 51 37 37 26 61 50 -57 52 43 -69 -81 51 74 15 69 59 10 8 -73 85 
-33 28 -60 35 -65 -19 48 -75 -67 11 3 -62 23 -40 34 -11 95 86 -15 50 96 52 11 -52 -83 
-17 49 -58 77 41 73 98 59 49 -5 57 36 93 14 -59 72 32 95 -17 56 80 -6 -37 26 32 
84 -70 -43 -43 40 70 -96 62 -53 25 71 -28 -5 90 87 66 13 -4 72 36 4 42 20 19 -19 
-67 75 -17 60 97 -74 -80 99 -71 -63 -7 90 -79 -12 -14 -48 54 77 -21 93 -29 -47 -76 -98 33 
