-36863 2792 10350 -10725 27257 8667 13331 3392 7982 21176 2721 -17129 -13799 -17 19989 -22124 -3024 30930 -15452 17406 31047 40274 -18828 -13839 -21294 15840 -16487 -20014 7309 -17487 -6015 -11885 -27358 11818 -37223 -62349 -29459 -23175 43645 3716 15667 -25478 -5688 -37750 7771 -13640 -6857 27742 9679 10299 
6013 -16179 -16850 10196 9953 -10926 -17060 1606 28610 22437 -35206 -9420 10967 -25367 -16377 4495 -29406 2180 15850 16582 -7332 -11930 8000 -18185 15935 2577 60165 -23111 -1498 46649 22820 23351 -1698 37447 -2057 23331 -8084 -20870 -16781 187 -15055 -21535 -29665 20865 36575 28547 15859 -19745 22756 -29876 
13193 -5433 -7928 -15832 14322 16931 5844 26277 -21632 -10382 2751 28380 7363 -4195 -12920 2868 14858 10423 3048 5572 -21544 4638 -574 46933 -22616 -28083 6440 -1709 24748 -1268 -37909 20307 18885 29443 7349 28788 10711 36355 15140 47610 -17564 -25396 -7952 -1671 -14858 4744 31512 22496 -36336 -30006 
2323 33960 -7833 15147 -23748 16444 -31248 -9637 -16593 17493 -952 -18628 26830 9037 7505 -7738 -521 50358 40987 20141 15842 22830 5088 -23816 -26112 2995 -30715 8881 -14443 8673 6094 -24467 -34689 5697 -29043 -1022 -17277 506 20470 35034 23651 -10715 -16019 -2964 4681 -12775 4951 -8686 38700 -13694 
52031 -10066 -40240 -31938 10965 16133 -5026 -42625 -48102 -25882 -7385 19704 7414 57565 -19482 25579 27000 -25622 837 -17519 -14715 -16926 7902 13144 61611 10973 34926 6570 -9828 -27056 -16114 -11850 -6988 15974 28699 25336 53576 9940 -16502 11681 13698 4366 -22073 6309 -30236 8286 -10804 29733 28899 -9426 
35036 -22154 -16468 15930 53774 -31454 22354 -24109 35396 12225 1519 7263 -1609 -3845 -37524 -5224 -31707 -23750 6623 13822 -30520 -3372 -44614 5304 -34522 -3067 59075 -15252 37175 10888 7105 -17592 -33102 16505 -39962 3686 20932 -40138 37856 -17994 -1763 -5645 17355 -5123 -25833 8214 -38022 25465 21764 -32277 
30497 14000 -15299 -7834 -19383 -6295 30843 -8265 10001 5921 24119 10984 -7880 38173 -34618 -4845 11190 -6755 -50410 -45229 6812 20094 144 27379 51971 -24609 -13208 -1667 13974 -40824 20408 -10408 -148 21216 65019 -16035 23307 27379 3848 -19805 -9896 37189 -6635 19606 -32901 -693 -3052 20447 -32539 18648 
6452 -12153 22116 -10435 -14914 -3371 3473 -1900 27603 50403 -11998 -32068 64754 4780 -10274 -26575 -23075 -6111 -25761 -22876 -9930 8039 -22653 -6731 24760 -8278 28047 2644 47680 47538 20154 -19973 3184 -26524 19837 -4756 5409 -9847 -15340 -27061 4374 -21678 -27614 -27471 14691 49491 -27856 21997 14799 58037 
31379 17311 -29368 2929 -22028 28933 19927 3221 34518 -9694 32373 11824 -25680 -33267 1883 11433 -22410 -16065 11860 -17077 5545 -13707 5336 40126 4624 -51774 10000 319 5406 -39544 21733 17718 9238 29522 18432 35086 -43602 -7766 -16581 -9580 -35586 61553 -32660 20423 -23601 24223 -1826 -14703 -14771 -19070 
-27089 -45736 -3712 -1368 -8975 -9395 -49507 57385 -28894 -5049 7072 35924 -7331 13232 16733 16546 37192 29830 24236 2271 -7412 14253 8816 5212 -5842 26587 -47850 -26434 -25156 3106 2375 -9834 20344 -12463 15688 -4928 9774 18459 -5505 33633 26649 7575 440 27934 2806 -29667 39826 3360 5965 -38306 
-23049 13050 11570 -39385 -11880 28607 30963 -939 -3070 -590 6443 6426 -22027 -25224 10541 -29046 -34975 -9407 -16675 39792 -1851 15021 4103 9543 1553 4894 -26034 14870 -16910 26302 24295 24524 27417 2405 -33647 -14361 -20823 8611 25905 -20439 18824 22165 -20819 -47194 -16503 18880 1717 45055 3345 11426 
-14775 -12736 -11952 22952 -43841 3800 -44 -5311 -12503 43648 11668 -30580 9344 -8005 18705 22631 -12542 -24489 -11679 -64413 -36673 -24316 7117 -21942 10648 -18243 15615 13667 -776 26324 22420 56846 -21895 -80 13283 -9345 3738 5792 30981 -10507 24331 21730 -47080 -17356 31810 16824 28194 -38464 24917 21076 
6195 -18907 34033 -55059 -4689 -19953 -5341 51294 3108 -27207 -22477 29864 16673 -24003 5940 -5898 43707 -15789 -26509 -11099 2042 10023 25980 10913 19290 5440 -22851 -1778 -7808 -10931 -24073 24345 27918 -7928 24588 5438 -2836 24154 -33099 28240 17714 -2277 16793 7781 6211 124 27999 -1577 -30882 15610 
10292 -7082 -39257 33988 9829 -68926 -32317 -15266 2097 -64575 2351 3861 47639 -30055 -20350 15687 10420 -6501 17107 15209 10174 3952 10157 -36261 32111 32654 34905 -13996 12012 20533 18837 7211 -30465 8192 -28427 -19147 -29661 -6919 -4253 53101 -8784 -11123 11219 21099 28308 -29251 16435 -42951 5090 -25919 
5988 1449 22724 -36770 25592 54972 10524 48240 -7289 7600 15601 -4580 -16831 -12129 56313 60407 35862 -5984 13567 6167 -39260 8722 -14988 21042 -53727 3449 -45804 42000 -4527 -2663 2724 28750 20012 -2689 -6771 -29930 5899 27765 16586 -23767 22455 35003 -41303 -41571 -10765 17831 -11588 -6358 29316 30650 
85 -6599 17033 13630 -35805 2028 -12945 -2426 27230 33716 601 6063 26927 -37457 12033 -21688 12949 2903 -6814 -38206 -5430 26316 38076 -14885 5310 6178 -11958 -36386 16552 -14604 -12054 38496 2381 -714 49041 23010 -2896 -4607 11508 67797 -37875 -20004 12174 14968 39241 -714 35575 20418 -18386 2598 
19536 -39450 15933 -33833 -12256 32063 -5150 -4322 -46026 18437 -19647 29850 -35183 21957 -9742 -6005 12836 7386 -11637 -20513 -6310 39578 12233 -7434 -10273 22813 6769 -22434 -46555 8883 4835 45437 -28605 20361 43042 -3214 38518 -14236 -18146 -14122 -15640 495 25751 6872 28976 21135 30647 6277 -1174 27975 
10875 -14077 8362 -20351 -20159 1397 -39211 31811 -12023 -26989 -10574 -12852 -25232 -47625 -21178 4566 18934 -29997 21921 28025 33393 -9985 -4546 2251 -21477 -3846 -45560 -36678 -37423 -840 -5048 18561 29360 -20170 7959 33828 -25423 6353 -24994 -4642 15835 38300 -16472 -3294 -27269 -2415 -1607 -12164 -12444 20519 
29736 14881 -20510 -10472 -20873 -64495 -3657 1735 55972 -4587 -29419 -2651 10017 -63623 13019 -4065 21619 -5627 -1263 -6146 -25391 -11080 19076 -8301 31540 1146 1603 59630 20313 3183 -41988 47849 -56028 -19973 -11380 -35681 10784 -5752 -8492 19184 -15798 -12678 30259 21120 -31012 15693 21852 -16275 -21502 1676 
3482 11852 -23934 7609 -30402 -37238 13276 -16327 25237 -12328 -11621 -46686 -14179 -49026 -7193 -790 -25209 -23907 -17411 -45496 -1953 -6021 -492 42599 16575 -11288 20340 49892 -15587 1341 -12303 -3037 -34 1711 1172 -1425 22481 18493 -30477 -3689 14499 -2921 34488 4834 -3707 8519 25630 -7220 -45075 -12873 
-45693 -9445 40483 15599 -4234 -4423 -33009 -9054 7101 58216 3778 -17090 -4245 10853 15307 -6301 11999 11924 -44884 15223 21431 3477 -26833 -25512 22747 -817 6612 4079 17544 11967 -5484 -8904 -13905 6355 25888 -12752 -4054 -31231 21737 -5501 -24212 -27046 6077 -3752 31207 5904 2345 3787 -31491 62843 
34021 10751 23384 27837 21467 15002 15851 -12396 -10711 4128 -19264 9800 -3148 39952 14471 10306 23773 30380 -25777 21397 15174 8134 20105 -14529 -31496 -8240 -15183 12386 -49748 -7419 -6522 -3595 -15310 -11399 14935 -10844 34448 -3614 8056 -42095 -16956 3853 -50796 20162 -19901 44272 -19354 -32822 33611 1816 
-16229 -16318 -47554 -47023 -16233 -27924 99 19433 32032 -19300 -9460 14301 -23615 -25567 -1104 -2393 26522 -37894 -17588 1092 -10643 -10398 5456 -2704 32170 3445 10077 17000 -14118 24081 5030 33005 -17747 21744 14692 -10975 46923 -10651 -22565 7035 24365 16075 -12764 12088 5399 -11141 25782 27074 14687 -33688 
5385 -4174 -5528 1318 9738 -6016 -21975 -3070 17068 6742 15412 51232 -22033 1554 -8069 39649 36158 13815 -34780 23658 6772 -6133 -27634 -13312 -21444 7797 -40404 -23107 -26970 902 -19112 10941 -51178 7980 10110 -20678 -20088 -12452 42885 -17618 17441 -33830 290 -13057 11621 -7279 24925 -22335 3667 -31729 
-45557 24499 -8617 -20128 18784 44710 4370 6200 -48401 9037 -4190 3284 -22726 40229 22681 -7065 2484 -89 23705 -22189 -14177 -40025 -30590 2240 -2401 3935 13680 28537 45907 20111 -20640 14229 -16856 15584 -3752 -52611 2211 35437 -1335 15217 12096 -4790 -37187 -16117 26112 -48560 7375 30621 9441 7685 
55863 22781 -33985 20389 -21215 -18544 -19946 17513 -5108 -27772 5418 -8149 43732 -5450 -46638 14292 11177 -10046 11307 -15082 42781 -30946 -6561 -22937 17189 -9238 -41580 -22718 -8742 -37069 -55080 -45960 -29222 -31573 1673 23631 -3052 48128 -38500 -1146 11849 -13418 -36471 -2358 -25543 6660 -4459 -38766 3255 -30529 
-48733 -5030 25123 -47078 -8320 -8259 -15974 12248 15504 43343 -19674 36110 -19133 21050 26487 -36900 11051 41116 -31308 19751 -8428 -20694 9196 14211 25396 913 16453 27087 19897 16470 24218 -14261 59918 -2144 52776 19191 -11794 -34234 -19842 -9687 -14060 -12634 62638 59142 4899 -22067 572 21307 -27060 33389 
18233 -707 7885 3107 17758 2592 180 18989 13414 -17320 24625 -3223 -21831 -13508 -13537 17477 2244 -33674 -10510 6000 508 -11175 -36486 17270 14443 -36764 -1996 25099 19065 -28593 -35118 -2216 37943 -6335 -1751 -6728 -9119 22083 34179 -10871 -51 2856 -33178 3095 -32401 -7870 25420 16952 -31882 -8371 
13126 21038 -12561 3066 -14443 7434 -8117 34129 -17406 -4524 39115 10227 -26179 4177 28523 31383 -35414 936 29072 10984 33660 23633 9134 22945 20290 -21505 -13370 -11404 -72916 -5650 35488 21544 34783 -3891 -11783 -17989 -42427 30259 12857 -38746 29561 417 -25198 -11195 -13900 -16123 48725 -51207 23551 -7776 
-30457 23686 10861 11833 -5882 -43211 3572 38759 4417 -36423 -42091 -49647 20199 -49551 25327 2795 6746 -44418 36499 -6778 24212 4282 23358 -23101 8750 -12846 13497 -103 28203 2904 -26432 25951 16793 30933 -26530 4353 3282 30522 -29993 69716 -9160 17939 -2444 6396 2028 -6844 17863 -33858 -13257 -22983 
23743 -5589 -11483 -4723 -33415 -2524 24650 -34121 -15109 23100 -5980 -12798 -16058 1594 4282 -11534 12556 12522 -30152 -846 24138 33930 7953 -10436 -52936 -28074 3322 -43948 -22585 -29013 -305 -32075 -2868 9775 -19365 58128 4636 -32984 18994 8085 -27814 6865 20373 -7054 -46671 39136 -20483 418 -25790 12669 
36952 16825 -3364 -37054 39829 5455 7865 9897 -3818 11081 -8546 17531 -6468 -12283 31967 -24864 27487 -9778 -63117 26618 -14401 10409 9687 -43233 10833 25306 24568 8257 4293 2477 -38178 7102 -36799 -47675 -10527 -1083 14993 -17437 19326 -8759 -16850 11313 13578 -9442 -18206 41976 -1986 31281 -15389 19329 
-3507 -12863 -11104 13591 4407 -34526 -35816 13345 -13265 -3044 19707 19106 -26409 -2461 -24108 1970 16728 -28536 -18543 13369 -20608 4868 -12337 -444 11301 -17805 9724 12586 35086 -4789 -35299 33081 -36709 4323 -4712 2252 -928 -25510 29575 18259 -3287 10074 23246 41725 -17348 -22682 8333 -5986 -14029 -6246 
-21022 -3592 -34640 -10671 -613 2655 -25835 -20727 2104 21549 -1333 30441 -11284 21689 -3217 -22865 14092 15479 -12939 -25455 -31751 7806 4036 -18699 57028 6543 36564 937 -26693 18495 43129 2308 13118 5204 38513 -40809 1752 -24587 -20347 -10354 13692 6260 3309 17253 14454 -17017 -9806 -16122 29003 9883 
7250 28850 -43749 -33096 28516 18695 21299 9750 -33370 -8704 -12673 -2584 8556 -11692 -44018 -25949 -27618 -9529 38040 63046 -6629 15341 -53782 32417 -51324 25328 1174 30520 -1109 16588 25724 -24885 1214 29976 -82737 -18209 -25193 -36315 52321 -27666 54893 10504 15894 -29385 3252 -9256 -59111 42719 37903 -29401 
57301 -9882 -6131 6479 41454 23858 -12024 7075 -17466 -6895 1768 24675 -39785 -14287 -40089 26398 -1184 -28164 -31166 31878 -29199 -29217 -1261 18667 24319 -4831 -20757 34374 3623 -37254 -53754 41177 14563 -5325 12390 24278 3931 9135 22769 -32411 -12468 29132 -17978 39115 -40014 14236 4047 8948 806 -31061 
36559 -35697 19380 12508 46465 37558 41786 -32652 33167 -17531 60892 17614 26282 51971 -16052 30630 -7106 -9910 2532 -16383 -19192 -5870 18250 -14206 2649 -4869 41673 -41853 -6996 -39922 -307 -22401 -11957 21883 -12447 4262 29978 12175 13151 15205 -47576 428 -33649 -44664 -10415 39695 11439 -3069 10084 14927 
26163 42441 -44022 -40082 -22835 42436 -30182 -2719 -24592 -1020 40588 3902 -14790 -50536 7014 9365 13622 -23577 12515 47051 24384 20655 -27845 37570 -45242 -20169 -34074 39636 -4565 -19505 2055 8314 -9442 16466 -40326 1382 -74910 2609 3736 4587 27991 42926 -24755 -57227 -47263 19628 -19661 6694 -20168 43599 
-38786 -27169 7627 -1811 -7509 15382 -17610 -6084 -63748 -2822 -3999 -48409 38138 -24675 6085 10477 8788 59943 31331 -1782 -4917 341 -6179 6205 -18451 26089 -10706 2779 27267 18367 6993 -43108 -26 -19050 -5670 -9005 -17413 27519 -56171 34741 -24152 10250 1582 -10406 42323 26365 -20682 21348 -473 25526 
-8267 -48790 -15608 -3044 11051 -49677 -21708 6087 -10665 8744 -609 45762 -29135 8975 20784 27943 30177 34329 -12366 -4256 -5812 -21373 -16014 -20301 -7850 -27070 44693 -8229 -10595 10200 40067 15868 2365 17712 2612 -29931 -52714 -18193 17435 -36507 35372 -9803 -18495 26379 -8503 -29452 28353 -42950 4039 -5817 
12054 4678 31264 4793 -54456 2299 2445 -2326 1226 2102 41293 5413 16974 -20103 -39525 -8484 -31310 -19937 13467 -21156 -14326 -38318 -5499 70941 18843 -5128 -3382 -7358 47494 22271 4054 64230 -6351 -10632 15653 20850 -12333 14268 10424 -7188 -25482 -30234 43329 -5730 21992 18115 380 14254 -29594 26447 
34127 -5222 33430 -3647 -27119 38282 7579 -11528 31953 29866 16738 -27936 1135 -7016 11345 -21761 -4517 -10258 -8967 -19780 -5849 -7255 18516 12842 -48328 -26291 -9916 -8000 -20179 4370 972 24055 9483 -21766 38385 21773 44723 71 -13849 -19054 -16686 31858 -12477 -7196 -6285 51062 13044 15154 -3043 22849 
-57215 13029 -24903 -5678 -8857 -15072 -8596 -4480 -20227 -25138 17801 1617 -8954 -3401 -9209 5948 -30360 7905 61910 7401 -16498 10456 -29633 -2354 5154 4910 36588 -1364 30590 28936 18712 -12451 -25901 4112 -35518 -46627 -35963 -1092 4634 -13341 43938 -12344 22776 -14984 34989 -28440 -18257 -27797 35261 -18165 
31734 12552 13296 -27464 19445 46207 -46755 -19805 -37682 34987 3747 42589 -27497 -16569 19859 35039 19215 4633 -1497 16810 -25706 -20585 24703 -30893 -2751 14497 -21298 7926 -58234 -1111 -44703 34018 -20257 -29397 -4954 13441 -21090 -2116 -3164 5306 3892 -959 -34371 -8829 13291 23574 35827 27457 25171 -11806 
-11194 -17568 16675 -7369 8802 -32475 -46584 69421 -11261 -3816 -24843 19417 466 -10465 16590 23157 11474 -22526 47753 7040 -13279 -24190 5241 7607 -17571 26613 -45471 45329 -10894 17105 -17866 14663 2198 -17035 7749 -12426 19858 14765 2949 -3843 44711 17853 7352 8095 23961 -42073 23130 -5964 -7450 -5067 
21966 26052 -15018 4958 380 194 -6724 16378 -13952 27098 -43776 -28387 -33838 -22988 16316 32339 45 -25473 19270 -15099 -20455 -16163 -16867 23764 -20154 -413 -27557 19857 3529 -19281 -36048 16810 6007 -37073 -29130 20403 37720 1192 13165 -5410 29737 9059 22315 7612 -52883 -16770 -20302 -22160 9521 -14016 
2422 21090 16783 -42130 17919 7832 46197 12591 50303 34869 -9226 32053 1988 -17966 22931 -32192 -31125 -27423 -260 4820 -13020 511 2621 -32223 -16203 -5146 23359 -28589 35014 6552 11918 1933 6818 45440 1734 10393 -8501 -21278 19113 15896 -49048 25624 12050 -31779 15047 35344 10929 37079 16001 -15289 
16394 -10281 22242 33328 -18137 -15717 28496 -15028 16786 -20415 40888 6759 36767 -7601 -6708 52311 -4924 -48155 7221 -17299 -24959 797 16126 15086 -32814 4522 -19971 20639 38671 13835 -7525 1068 -26163 18216 -33754 50390 28557 40823 -20397 38290 -23226 20135 23885 -37570 -10683 21269 3376 24131 -30714 -12453 
-28780 -11907 -28332 -7125 -13931 10612 458 -34590 -22865 -17653 26696 4372 -21193 30642 -8905 -29789 -12209 12560 -32128 32481 -24595 13006 -28794 10594 35111 3541 164 20165 22996 18396 26046 -15674 -19881 28103 31222 1908 -7093 -13718 -1343 -24200 -14153 6784 9202 14810 -4193 10573 -16762 21841 19206 5765 
19536 -26079 10810 -6835 16096 26900 37393 -7866 17053 6802 15527 -13093 6419 20938 -5799 2368 -12530 -18305 3889 22610 -17571 5798 33029 -30927 11566 2868 16541 -24480 15385 3155 -1803 24433 40482 -31354 -10061 17478 39620 -17978 31915 8668 -52382 13380 5678 812 -13456 32987 6844 15857 51177 67 
