75 -12 -40 24 -71 46 45 -71 99 87 65 -96 99 -8 -96 85 -49 -88 55 -65 3 -67 -62 3 -54 -19 8 93 67 35 38 17 -60 92 -75 -34 97 -28 91 89 -47 49 -45 -64 23 54 79 72 36 -28 
98 -87 34 72 -91 -16 30 -47 -82 -46 71 14 24 84 -44 91 46 28 -5 -14 48 58 96 87 -66 -1 -88 26 -73 -87 -1 -39 -27 10 -45 72 45 92 48 -91 93 33 -96 -48 -88 52 -83 5 -70 47 
53 -61 -15 -79 -18 -22 -19 33 -3 2 80 45 -43 70 -33 -54 66 -48 -75 -36 0 -65 -43 42 58 -76 57 40 1 -16 74 38 -10 -95 99 -14 -13 -59 -100 -73 -32 -5 87 59 -41 37 61 3 -29 95 
-100 39 86 -90 -96 80 -87 78 -75 -18 96 50 -8 43 -61 2 58 91 60 3 36 -11 -98 52 -32 -46 -90 -14 15 67 24 -51 82 -60 41 -76 -83 75 -31 -11 82 1 -72 2 93 -54 -11 -21 23 75 
-95 49 -88 39 -8 -94 -13 83 -43 -100 -48 19 30 63 -31 -41 54 -44 59 48 -68 -37 -32 93 26 -74 96 48 80 57 -17 46 -73 47 -45 56 90 -8 79 63 96 -93 -62 77 43 -89 -23 -16 -72 -87 
-35 -83 49 -95 -55 -57 -13 59 29 94 -18 88 -69 -53 41 71 82 -53 -64 2 -44 -94 94 -78 85 73 -50 4 26 0 -50 74 -9 24 95 56 42 -35 60 17 -37 85 87 72 43 74 62 69 60 -84 
-52 -66 64 -16 1 24 -74 -90 -31 -27 92 33 -31 14 -99 39 -81 -57 21 37 19 -50 -95 94 12 -33 -28 -39 25 -20 -96 -39 37 -45 6 76 -28 3 -6 56 7 -62 43 -54 -62 -67 37 56 -66 89 
-89 -9 -77 7 -56 -90 -42 41 3 13 -27 54 89 20 -12 -55 17 -19 46 72 15 64 34 -24 68 86 -74 -40 -83 69 78 -81 73 24 63 -16 -57 -4 -68 -4 64 -58 96 -4 77 -48 -31 47 58 -83 
-17 54 64 -57 27 6 12 3 87 16 -37 6 -37 35 91 -82 -60 52 51 -37 -33 70 82 -12 53 27 58 46 67 -4 98 -91 29 46 76 -3 70 60 -31 38 22 55 65 70 -6 -47 64 91 6 -72 
-46 38 -39 -75 -13 87 18 8 -77 100 -89 41 -72 65 8 -72 -77 32 9 39 23 -78 18 23 22 -21 -62 45 -94 26 28 -3 47 24 4 33 -64 -67 54 -73 98 35 -62 63 19 -62 -26 86 88 -100 
-27 -85 -59 20 25 -97 1 -32 40 -74 -36 4 -97 18 -87 -20 13 58 -35 -22 -39 -40 -65 65 51 -45 45 11 -40 -30 35 -89 73 20 37 -17 33 -31 4 -37 42 25 4 92 -94 -3 -7 -24 -59 -80 
-45 57 28 58 -65 19 -9 7 -17 76 58 71 -67 77 10 55 -15 -4 33 -66 9 1 -87 10 -96 -85 -47 53 -87 11 33 -84 85 90 -48 46 -77 -79 5 -29 17 9 53 15 -47 -17 -26 -65 83 -74 
-98 -41 59 -74 32 -26 68 93 80 8 -30 -9 -10 77 51 -39 -8 -6 33 54 -16 56 -39 -77 -97 86 -5 -78 -30 76 49 -87 -68 6 -86 -78 99 -88 67 -85 42 52 74 -57 37 -43 -48 32 28 63 
-12 72 -76 49 42 35 25 -1 -1 -11 95 78 -17 94 12 63 52 -62 60 31 -44 36 49 -89 99 7 -68 59 85 -90 -84 -11 -68 13 -48 -42 -63 89 82 74 -38 -43 -10 -22 -33 -98 31 -3 48 -64 
78 -61 -39 58 30 -23 39 74 92 -99 89 98 91 -70 -50 -38 29 -11 -78 -17 -3 -62 37 39 35 90 -24 96 59 -47 -57 -19 37 30 25 -52 -7 58 -35 -39 -78 69 10 32 -6 -4 -13 74 -95 -36 
44 -79 -3 10 4 66 -91 -5 -63 -100 77 -60 -38 55 -35 76 -54 -10 94 100 42 73 28 -28 15 65 -40 10 -60 98 83 99 19 -81 -56 -64 73 40 61 -80 90 87 -31 -62 -39 -86 66 -43 65 85 
4 20 17 -29 15 -74 54 94 59 -62 62 -93 73 20 14 27 -80 -60 80 -4 36 9 -14 17 -9 64 58 -94 93 67 -12 -90 55 -45 -81 49 61 29 100 29 31 -42 76 -60 -11 8 -23 22 85 -51 
-22 49 -38 23 74 50 33 -73 -62 -74 71 17 -22 89 -70 87 -74 -56 63 -80 -51 -85 -31 37 38 5 84 -72 -93 23 45 -37 -1 -17 10 56 44 4 -60 -59 -19 -7 -92 -55 86 3 -58 -30 65 2 
-17 23 -37 -98 -51 -76 -3 -79 -26 -67 -86 -65 26 -64 -48 24 80 -40 51 -80 -12 3 27 -3 83 80 58 97 26 -38 -87 42 -2 -24 -96 -84 83 -62 -67 86 24 -62 72 16 -34 -50 -95 68 -7 91 
-59 -88 84 -90 -99 89 80 62 -1 -20 46 -64 -20 -40 52 70 -4 4 62 -87 -25 23 99 49 -89 1 30 -11 53 -15 -21 99 78 -23 10 94 66 25 -90 48 -30 -4 79 58 91 4 98 75 -37 18 
80 -13 -91 -94 20 78 5 -36 -71 -67 11 7 -40 -21 -99 80 93 -73 56 37 -23 -83 19 42 -64 -32 8 93 -84 -45 -75 -42 -55 93 -90 77 60 22 -44 -30 -16 15 -41 -81 -53 95 -20 31 -20 -14 
86 -23 -35 -51 11 -4 88 -100 -84 -62 -48 61 99 58 -77 -92 95 -13 -100 52 -3 64 76 -56 27 24 46 46 64 -89 96 -78 -38 89 75 49 -72 13 65 51 1 58 34 80 25 -2 -68 86 -62 -7 
-13 -47 -78 4 30 -94 99 88 80 -64 -72 -72 37 -71 -86 36 15 -95 55 19 0 -93 12 19 24 -60 63 11 34 37 83 -6 65 63 -56 35 -36 63 -55 -57 77 96 -75 -7 -32 -26 -95 -52 23 -71 
18 -78 98 52 49 -8 -42 75 82 85 -19 35 98 -43 1 11 -45 32 49 46 -35 -67 9 -11 -59 32 -19 -44 31 23 51 -38 54 -99 -56 75 26 -49 74 -30 -48 -91 30 -45 74 33 -11 -3 -79 -4 
2 19 44 -39 -54 -95 10 -27 99 -49 68 64 -57 -96 33 25 -83 -71 -23 -3 -78 -66 -82 100 -23 -29 33 74 99 98 -50 92 -90 79 4 20 -10 8 89 -60 58 -48 53 -91 5 62 39 63 -46 -74 
44 12 99 -26 49 85 54 44 87 49 29 44 -17 -16 -80 13 -13 40 -92 -26 -51 -4 -47 71 72 13 -29 -36 -89 -59 -24 44 -2 81 4 -59 97 23 82 -58 -10 -76 77 -33 34 43 76 21 -78 -66 
34 22 39 -13 -26 -87 -56 33 29 -54 -84 -97 75 -90 -63 -70 -16 7 25 79 39 88 -70 -19 44 34 -91 90 73 -10 -18 -80 -88 -16 -27 -44 -44 -40 -25 -14 30 22 60 -8 -14 34 -100 23 -72 57 
14 -41 -93 -94 -12 -47 100 -41 72 85 47 24 62 98 98 86 1 43 0 0 -46 41 -31 -41 45 -75 92 -78 36 -50 34 -88 -79 25 57 8 62 -69 96 -72 -10 -66 -86 -84 -78 79 -33 69 41 59 
60 6 -92 -88 66 67 -74 51 -79 37 -39 77 -72 -7 24 11 96 85 -1 -21 73 -93 -45 -20 -87 10 -32 -41 -93 -97 -77 -50 19 -56 8 3 -51 -15 10 3 72 -47 -46 -40 -27 -54 77 75 -63 -70 
63 10 45 28 -39 46 60 -24 22 58 -5 -75 -26 40 -33 -54 -79 -87 -38 -24 14 97 -47 -49 -21 -97 23 -80 82 -89 -43 12 -1 -51 66 68 61 -91 52 -64 -12 78 -33 72 -59 57 -18 76 73 19 
12 -52 -73 -34 -57 28 -27 87 73 -47 74 73 58 -1 -85 -48 -37 -43 -29 -90 -51 67 -16 64 83 63 -69 -70 54 -8 7 49 -7 83 96 -20 61 73 -71 88 -4 45 -54 -41 3 -68 27 12 -31 62 
61 59 -90 -14 -60 -65 -83 75 53 -28 35 -2 -45 -88 -40 70 -19 -58 84 -34 12 87 -53 77 -22 -47 39 45 43 -88 -45 -8 -20 38 -65 35 73 8 -34 29 84 7 99 96 -32 -97 76 -94 -78 -61 
-49 -11 -39 44 -100 -70 -63 -34 54 46 73 -100 -10 -91 -11 97 15 -9 -95 1 68 1 -18 -44 34 -68 23 49 -38 42 72 -28 -34 -8 -56 72 -83 -41 16 -86 53 -91 -49 21 88 -35 79 -35 -51 29 
-66 -89 48 13 95 -89 -34 -3 -46 74 -47 48 32 88 -29 86 78 91 47 91 -39 88 42 -89 -79 78 86 46 53 61 -37 -32 -15 91 -60 -28 51 -47 -35 81 -20 -38 9 88 81 -34 -37 95 72 10 
-88 -37 29 -68 -36 5 72 100 81 47 23 -24 86 -56 57 -49 44 94 -66 11 26 -50 65 -77 -14 27 -49 18 39 1 37 34 55 -62 -49 -90 -94 18 -20 -35 3 -61 -13 -28 48 49 79 -22 39 65 
-70 68 32 -11 49 -23 99 11 14 -73 34 -61 -87 72 73 74 1 -73 -10 45 73 -85 -32 63 -70 -18 -70 -1 91 -39 14 -29 25 15 18 28 62 99 32 -85 32 6 -25 -84 -82 -98 -54 69 -64 53 
61 49 12 -15 -64 70 -11 -56 -21 71 -35 -42 57 -63 -6 -26 -24 -35 10 -83 -83 30 -17 54 -71 80 -23 80 -17 76 -9 4 -66 -44 -19 60 93 50 -37 44 55 12 39 -94 8 84 -26 31 -38 90 
-62 -90 -58 83 74 -83 95 87 -83 -4 -94 -70 21 3 44 83 80 -73 -2 -99 -45 45 4 -16 -35 33 -98 -21 78 -64 45 40 -85 30 76 -99 -19 83 97 -93 89 -48 -65 -14 77 -84 -24 8 36 -73 
-22 -74 10 78 -71 -43 -98 -48 -32 -10 97 -66 81 6 -65 -52 0 92 61 25 68 -88 -39 -72 -37 36 -35 -69 93 -68 7 -88 -88 9 -30 36 25 3 52 78 -15 -66 -1 24 49 -76 5 46 -28 -24 
-9 -36 -98 -85 2 97 67 30 5 -79 81 65 14 -20 52 11 53 27 26 50 -1 26 0 46 -6 -40 -83 27 -50 -66 96 -93 71 50 -33 71 -63 -11 -63 59 -49 99 -43 -81 -11 64 25 77 33 -82 
-28 -11 26 -2 -8 61 -85 21 -73 93 -52 -97 25 79 94 54 94 78 -95 -89 -49 -11 -24 -41 56 -35 -45 55 52 -5 -94 -93 50 -28 71 12 93 80 -35 -17 88 28 -71 9 -40 8 -9 2 -27 18 
-75 28 7 -47 37 86 -6 32 -80 61 64 -37 -59 -45 44 -22 -66 -11 -22 26 -12 68 -54 -41 -4 77 49 99 -35 -75 -29 -75 53 -27 -82 -99 -37 -53 91 -54 99 63 -97 6 98 15 -68 77 68 28 
-55 -23 15 60 -11 -28 31 -82 -89 -18 51 76 97 55 66 37 -71 35 73 -91 -8 -41 85 -97 51 -19 98 -72 -35 14 40 -97 -58 51 -23 -16 -90 97 -94 78 -43 43 11 -100 58 33 92 -3 -48 -37 
88 3 -84 -67 98 74 -3 -15 -52 -92 63 54 14 -21 60 90 63 52 36 74 -68 -19 -38 48 -25 35 78 41 98 -38 93 -21 -96 94 -91 -58 -100 10 -31 5 18 97 -46 -17 -82 71 -66 48 57 -65 
-81 42 97 35 -71 38 10 4 -92 17 3 -71 -76 69 -34 -78 -98 -10 -15 99 69 95 -9 97 77 -43 50 -24 92 85 63 48 57 92 61 70 -47 41 28 -67 -85 22 72 78 -12 49 -13 -4 -77 96 
-8 -3 45 -60 75 -39 21 45 71 53 29 80 -31 -57 42 -77 72 -60 -89 55 6 46 74 -91 -91 -54 91 -93 56 41 12 83 -1 72 -49 18 -74 -24 33 75 -4 47 -27 -68 -25 40 4 100 -61 -14 
-51 -69 -55 -41 5 29 5 -86 -5 79 45 91 6 84 -84 -63 -27 85 -31 -74 -84 23 -98 11 66 16 86 1 65 79 90 -49 57 52 -36 -91 -52 -92 -7 -54 6 -95 93 -67 87 -78 -68 47 83 39 
-50 18 -81 17 -90 -11 33 -61 -90 31 4 -86 -32 -23 -83 -28 -49 47 -81 -22 5 -18 -84 51 -88 -53 -59 54 44 68 -76 -74 -92 -61 -97 30 67 13 -80 -44 49 14 55 -37 -67 65 -51 62 5 -66 
2 10 -34 -48 -15 -14 18 93 -54 42 13 -11 71 -100 41 0 17 -5 94 79 -99 7 78 43 -40 -31 -65 69 74 -36 62 88 86 -43 -21 28 -100 44 98 69 19 83 4 38 4 -48 38 92 -7 2 
0 -1 58 2 -2 -84 35 47 -31 -38 -50 -2 16 23 38 63 -55 -38 26 -1 -49 37 -27 -56 38 -27 25 14 -39 67 -86 -28 63 -57 -84 64 97 50 -75 15 19 -64 -94 36 -52 67 62 2 86 -85 
