-8134 -8164 -7583 -1340 -304 -6471 6079 15020 -12181 389 
12863 -4531 959 4829 -1863 1831 -13828 -9046 -654 -11540 
-3717 2530 -2580 -10264 18967 3885 4999 790 11398 -23609 
7741 1027 -3432 26034 -3172 -1728 -3415 -1469 1704 -20045 
-2995 23763 2820 -7185 -1988 -8000 1982 27625 -2999 -12907 
6189 -2919 12527 9535 6824 7790 -9588 -827 -10123 -19283 
1082 3222 -8275 2275 -24734 -12621 -6014 4635 3891 7883 
-7442 -1424 -11101 -24362 -13907 -5231 -346 4166 10651 8670 
-997 -8528 1189 -584 327 18933 -6833 -10028 -4867 25551 
4395 -8955 7991 16331 6600 3480 8380 -2279 -2722 -26393 
