82 -63 39 -13 -86 -7 -28 57 -46 -82 10 -78 -23 -49 -94 16 -93 -3 -57 79 2 86 32 -87 -55 30 -37 39 -34 12 83 27 24 42 -76 -2 -30 27 -7 32 37 -60 -19 -4 -21 21 -44 31 -75 -46 52 -62 74 95 -70 -19 19 72 -59 14 -88 -93 -53 -51 -92 -58 65 21 66 -11 -88 23 -2 -82 66 90 66 99 14 -46 -91 -22 -14 36 -51 58 53 22 53 -66 99 11 4 86 10 27 98 -99 -63 -76 
56 -75 10 -56 -94 -39 -1 19 4 5 -10 4 -74 -56 77 7 -71 -70 74 -55 73 -81 -60 84 42 -7 -88 -79 -55 -87 33 -80 41 1 -1 89 -53 -86 90 54 -25 -37 -78 62 22 74 93 1 92 93 82 -43 72 46 -63 -98 49 -96 -84 -53 30 69 -26 -64 91 -93 41 -66 89 -42 -81 40 -49 -12 -52 -82 9 59 -78 77 71 79 85 43 -96 96 16 10 -50 1 8 97 -7 20 51 92 -26 -86 -7 72 
90 78 -19 -63 -10 48 96 99 -77 -70 76 -58 -74 -65 17 58 63 -23 21 -38 -15 -62 93 84 -27 4 -42 21 1 20 -27 39 -34 -84 2 -64 -63 -63 -62 74 -31 -7 26 41 -11 -60 62 -32 54 -83 49 -43 54 -93 80 -53 76 50 -41 -47 3 -48 16 99 41 50 4 16 92 70 98 61 -76 58 40 -96 63 -12 -19 48 -97 71 27 1 95 -12 -18 -21 -80 6 -69 84 -43 -100 51 -45 82 -43 23 93 
47 -35 75 -23 -11 -92 -76 -43 -38 53 87 33 -84 51 -64 -53 -14 33 12 -23 -38 17 74 -31 39 -31 22 -69 92 -23 -59 24 93 -61 73 -3 -76 -96 32 42 61 -33 96 13 -27 34 -31 80 90 12 -52 73 -17 -86 5 69 -62 -33 -47 -99 -44 -94 61 10 -89 30 -55 -25 86 52 46 81 -95 75 51 -77 6 -68 79 98 -31 31 19 -16 -42 82 73 -45 -41 -71 -73 22 80 3 85 -55 -57 -13 -38 30 
86 13 25 46 60 -85 -23 -20 11 86 -71 36 15 54 15 41 82 -30 -53 60 -24 -53 -53 -89 55 38 18 -91 -11 -20 65 -20 46 37 5 -27 -54 -97 -99 -75 94 43 13 18 -21 -40 -3 -48 21 -71 97 -4 80 52 61 43 57 14 88 -87 -93 -39 -99 -10 30 -92 97 -52 24 6 33 -76 -4 -95 -47 25 -38 -81 -5 -41 -98 66 5 22 -36 -16 93 -30 63 -81 -34 -42 82 -99 82 -4 -15 13 81 44 
58 17 -54 -25 26 32 -19 3 46 82 44 41 -82 91 47 40 -93 -30 -35 49 -20 50 87 -7 55 -75 100 14 -77 56 49 -56 38 25 -48 84 -53 97 59 -40 26 -34 55 71 -27 52 78 63 7 -54 -68 -68 -55 22 23 -33 -31 67 -11 54 -39 -91 -70 -94 10 -77 96 70 93 77 12 -77 -15 -20 -65 -76 -56 42 98 -52 -31 -42 63 5 86 -6 0 46 36 -52 -32 41 -78 17 -81 80 -85 39 -37 -92 
64 12 -36 -77 -87 -17 -39 -35 -30 -28 86 -61 51 -40 -76 -46 96 21 18 87 40 66 -95 72 55 2 -50 -10 -17 -79 55 -48 -58 -14 67 -2 -25 73 51 26 -37 30 -52 -94 -98 -70 15 49 82 -49 43 -98 -85 -55 -87 7 -71 47 -6 54 20 -38 66 -24 78 -92 -27 -39 25 56 -18 -77 33 44 89 -13 -73 -47 98 69 35 65 86 -34 84 -93 0 -23 23 73 93 70 -58 9 59 -15 52 -29 16 -51 
-55 6 83 -50 -25 -10 98 -60 17 -47 -99 41 -22 -51 21 -9 95 -8 44 79 -82 -82 -8 76 5 -41 -17 -17 -81 -89 -50 -11 -36 6 4 1 -98 36 62 -86 -73 92 -61 26 -86 -24 -84 60 14 24 90 35 44 23 -79 -66 -95 -90 -67 -11 -61 -25 10 -92 13 -58 -97 52 2 -7 -92 -61 64 -82 -59 90 35 -81 95 12 -46 -23 -19 -73 17 46 -18 -66 38 -5 -15 85 -68 -64 -30 22 3 53 75 53 
-72 94 22 89 20 26 -9 -29 11 53 -20 80 -80 12 -86 -67 26 73 30 -73 -11 59 -69 88 -44 39 42 -59 -80 -35 -49 64 -72 32 -24 -22 -79 -70 -37 21 96 72 11 -17 84 -85 -93 -47 76 -60 48 -20 -4 40 -37 -86 5 -15 69 -63 67 38 95 -7 -55 34 33 -53 -76 70 -53 -52 -44 95 71 81 -90 -95 84 35 38 50 23 -14 -2 -36 70 -17 18 61 -38 -58 64 -8 55 -72 -84 -39 72 86 
90 19 69 -8 -60 -19 2 45 67 33 -92 -83 87 63 -76 0 23 -60 6 -1 -45 86 -87 -41 -100 -46 -42 -91 59 -100 -89 39 93 0 66 91 26 -11 85 17 -3 64 19 10 98 -47 -83 91 -25 -45 -65 60 -34 -100 -69 -99 -61 -8 -57 68 88 -17 -16 -20 -61 73 34 93 53 89 -89 -49 -34 -42 56 81 81 -69 71 63 -84 87 -69 66 -50 -86 75 -33 -17 -100 94 15 -49 76 -28 -16 -45 -26 -25 75 
68 -42 67 26 -41 75 51 -1 -55 100 -5 -75 -52 13 -97 65 -99 97 -35 -65 -96 -30 59 -14 -19 43 -5 94 -79 -65 -4 -55 68 62 8 -60 70 63 58 -44 -83 -60 -84 28 35 -39 94 13 85 -78 64 71 -50 -71 -52 -8 -25 -19 57 -45 33 26 -86 -71 54 88 49 69 -97 78 28 71 20 -28 90 -50 31 11 60 -43 -39 11 -98 -99 -36 36 -76 19 64 9 52 -29 72 -97 57 -33 -47 -1 -24 -10 
-6 39 -3 -9 44 53 -68 -69 -44 69 24 -5 55 42 -57 8 37 88 33 -41 -2 -30 -62 58 87 23 -75 -79 -82 -56 91 37 7 67 -31 -59 20 53 7 -77 22 96 -98 -44 71 -47 43 -23 -13 15 -26 17 -97 -78 70 -38 16 27 -49 -30 97 -53 34 65 70 5 85 -3 -93 30 -10 -55 0 100 47 -2 -22 5 30 31 56 7 99 5 -72 -43 -4 -9 66 -24 24 -91 -86 -2 11 -4 -71 78 53 -65 
32 48 21 64 95 16 -81 59 -76 -40 81 75 -10 -64 -73 92 89 -61 -24 -6 -24 -20 54 -66 58 45 -21 21 37 -69 -2 -29 81 -1 44 55 12 -47 -91 52 38 9 20 84 21 54 65 -42 87 79 75 13 -84 2 -2 -87 81 55 59 -37 -52 79 -31 12 46 31 66 98 -43 49 -29 66 -34 -19 -43 69 -13 -78 -4 -7 -57 -100 41 99 29 37 -98 -46 -19 -99 -65 -37 34 -91 -42 -70 52 -5 55 -57 
71 -91 -77 44 96 -99 46 -87 54 50 -56 8 75 -79 -73 -80 77 2 51 99 19 -10 6 -98 -70 41 -3 93 12 57 79 52 91 -57 43 -56 65 35 72 51 17 -20 64 -60 5 -25 16 76 -59 62 -50 -95 0 55 91 -35 44 -16 37 1 -71 -59 72 -51 39 33 -63 60 91 -90 -9 -66 -88 -33 6 30 -77 82 94 -50 4 -18 87 83 -26 84 -87 -74 77 -100 -56 52 -11 -23 57 0 55 -22 -21 -34 
-55 -85 55 14 11 -37 37 38 -13 47 76 -53 -24 89 9 -32 24 -12 -71 -4 16 -26 -46 -47 55 24 -88 14 4 -79 52 95 70 -23 -93 -19 -76 84 98 -69 -73 88 78 -11 64 42 61 33 2 42 30 95 40 79 54 46 -59 -46 -37 -12 -45 88 89 -33 -95 12 100 -16 -50 93 32 85 53 61 82 93 8 40 10 62 42 14 -19 9 -8 -28 12 93 28 -10 -89 67 43 -40 -26 -19 -17 16 82 22 
45 -15 -57 77 82 -73 -43 45 2 -9 31 23 53 1 19 -46 80 49 81 -18 -94 -17 -16 -68 65 -2 -29 46 72 -18 35 -43 98 -34 -73 -28 94 -1 57 15 -80 69 87 32 56 40 91 77 26 67 18 15 -68 -51 -19 96 73 0 -37 57 -69 -23 -14 66 -88 9 78 16 9 -3 27 73 42 -22 33 -28 -95 46 59 66 -37 -34 37 -72 40 14 10 -27 81 -62 94 95 47 62 67 59 66 28 -56 8 
-31 -13 35 2 -27 -53 26 32 9 -47 35 94 -34 -32 4 82 13 -70 -97 -10 -86 -80 13 22 77 -40 -6 -2 -20 14 -3 24 -47 -82 -47 -35 77 -36 61 74 -32 61 -26 27 -1 45 98 97 25 -29 88 -3 17 -53 16 69 -19 -25 -62 -66 -97 -43 82 33 -73 -40 -67 -76 -86 -71 -66 -58 13 -29 -27 -86 61 53 -68 17 -8 78 -38 -87 87 81 88 97 -65 86 -67 86 -67 25 67 -43 26 74 97 63 
-6 26 69 -86 -73 48 58 99 -75 -29 23 -1 -53 -95 52 -30 -69 -47 -85 -41 -38 -2 74 -33 48 14 63 -20 57 -44 -55 -53 -61 92 -72 63 7 68 67 -28 86 -16 96 -40 -61 31 50 -80 -20 12 -90 -24 46 15 67 -79 -78 42 -15 41 71 -56 95 -25 -74 43 39 89 -69 29 -80 75 29 -3 72 -24 -67 -63 22 -38 -32 -92 -95 -23 -22 5 9 71 -6 -61 -79 67 -63 -7 -61 1 79 -74 -61 50 
-65 -78 34 58 -70 61 35 18 -4 22 95 -97 30 -53 -31 -7 -4 62 54 30 65 -18 17 -100 -73 71 -75 -53 64 -95 -25 -10 82 79 -32 -85 29 1 29 -63 30 20 -32 42 42 -91 97 95 51 -30 -33 -84 42 -99 -74 -34 -35 -44 -3 -60 32 5 -55 -3 73 21 29 83 -25 39 35 78 19 -61 28 8 60 33 -82 -71 84 80 -92 13 -23 16 -61 83 21 -28 -81 66 48 -44 75 41 -86 44 -64 -78 
-56 -68 78 -86 -12 -28 30 20 62 24 -10 56 -41 -25 -92 -57 -35 21 -12 91 80 -1 35 -81 -40 38 80 -3 -54 -61 19 60 -50 -75 75 95 21 4 -71 -45 -59 -93 -43 -81 -23 -49 -21 78 -81 -88 40 -92 -17 -78 -27 92 54 7 26 72 -89 27 24 -52 -77 -58 98 70 21 -1 -14 -66 -27 52 36 60 -69 18 -5 2 -79 14 44 -58 51 -33 -74 -74 92 42 -28 -96 69 66 -11 38 86 -97 -24 39 
-73 83 -20 -73 1 39 65 61 44 -1 80 97 48 9 22 -68 -10 25 37 -88 -13 -13 -6 78 76 -67 -22 59 -18 17 31 -77 -27 -44 -54 -25 -51 62 7 -77 -41 36 15 -58 -11 24 95 -59 -53 -53 65 58 -94 -91 47 94 -2 -19 -63 -27 43 -79 -95 56 -22 26 3 65 25 -84 28 82 35 15 78 73 -16 20 -47 -85 48 -24 -48 -27 89 17 -72 79 -36 -43 -58 -5 30 -20 97 67 72 35 -31 -89 
85 6 22 -33 -54 -42 94 -13 -13 -99 0 79 -40 -43 57 58 20 -92 -67 35 6 4 61 19 64 76 -2 -78 -72 76 -68 29 -38 -93 46 -13 61 73 34 15 -5 76 -69 -68 75 -73 -44 53 1 3 13 85 -35 -83 65 -32 -6 58 -32 -6 14 -56 -4 -72 78 -10 69 2 33 31 -56 -62 25 57 -76 11 22 -11 -51 -92 -61 34 57 30 32 98 51 50 67 52 48 91 8 -59 4 -54 12 -59 -23 -84 
36 -29 69 -80 67 1 93 -80 -88 -36 14 -82 -5 11 74 95 -48 39 -87 33 9 60 40 61 -59 -15 -47 20 22 -82 42 -28 19 -89 6 -96 -65 -63 95 -93 -97 71 30 12 -85 33 -42 53 70 3 -24 -99 15 60 -50 93 42 -47 -78 67 16 -68 90 64 79 14 64 -65 90 -47 -91 20 75 24 -91 -96 -82 -33 66 98 -44 -14 -68 10 -58 73 -39 69 85 -3 -25 -13 96 19 1 -38 -15 53 -77 -99 
-64 67 -56 -47 26 91 -76 34 87 92 -4 -80 -79 -32 -8 8 10 -25 -99 -90 -44 90 80 -92 24 -91 -19 66 -68 -48 36 29 -72 88 6 -74 -40 51 4 78 56 18 87 26 -34 -60 -1 49 -40 55 -68 24 63 -35 -48 -75 -43 -75 -83 -24 -49 11 -95 99 23 37 99 76 98 -56 79 89 -3 -12 38 -2 54 -10 91 41 23 31 28 -37 61 -70 -55 94 11 -93 -24 69 -81 -19 23 -93 62 72 72 -11 
-86 78 -98 64 97 73 -82 12 -1 -19 -20 -18 87 -24 -52 -49 -38 9 -28 34 43 80 -75 -45 -18 -62 -88 -73 -66 -97 -66 27 23 16 -49 -28 35 -89 70 -94 -69 -89 -52 -64 66 79 26 -77 -62 -81 95 -79 -11 73 -96 96 -65 -47 -39 -57 89 1 99 81 93 7 -38 4 17 7 -33 -28 95 5 31 4 59 93 23 -88 -70 -91 -17 57 -20 63 38 -43 60 -52 99 43 1 -94 -43 84 63 88 -38 76 
-64 14 8 -55 21 46 -92 2 90 -51 -79 -17 -74 64 79 -38 48 42 87 -41 61 64 -66 54 24 46 21 93 23 -69 -88 -87 28 40 -98 -87 35 -80 -90 -83 -14 -72 -88 29 -85 -86 48 75 4 -69 36 -56 45 27 -41 -82 -91 -87 -36 91 -35 -30 84 -7 66 3 55 -21 -88 80 -48 92 -5 97 27 -38 -40 5 18 58 24 -15 -89 -62 -100 -35 -1 -24 0 14 -33 83 -11 51 -52 25 3 -86 -77 -61 
30 -33 34 -9 17 56 -45 23 71 56 -27 -64 51 -83 -26 -58 -85 75 42 19 -74 87 -54 -12 51 -16 5 8 14 -33 -74 79 -94 99 -74 -63 93 58 78 -48 23 28 -98 -6 54 -23 60 82 -1 15 26 82 100 -68 -90 100 -24 -32 15 -21 12 92 -70 30 -28 -26 -93 -94 -11 -44 -39 75 -15 41 56 -53 -33 36 -14 -69 -30 -31 98 -92 89 50 -66 -26 -9 -64 -9 37 -94 37 -43 -24 1 16 -93 18 
-36 98 11 67 46 2 -5 -73 -55 -34 1 -65 66 38 -100 2 -80 29 57 89 -100 95 100 -50 -79 -74 -15 85 61 17 37 41 -16 -48 -64 -37 -14 -32 -61 77 37 -86 -40 2 9 99 96 96 11 35 84 13 86 53 99 -47 17 -5 67 81 58 26 -43 -23 87 46 77 -74 51 47 -7 -20 -42 8 -56 -98 18 88 -77 -24 -55 24 -2 -86 5 -99 24 78 -62 50 45 94 -63 -13 -26 89 40 -48 42 -59 
18 -15 -12 -48 -15 -83 99 53 33 84 28 -57 0 19 52 -2 -6 -89 44 6 -90 -33 32 -43 96 -77 49 -30 -32 9 76 19 -79 11 95 100 -63 -45 -9 49 49 -70 86 -38 35 76 -49 -88 13 -55 -37 -87 -7 28 2 30 26 -41 -65 -53 -21 57 15 -82 31 63 47 98 83 -8 -56 47 100 -71 15 -36 24 -86 58 47 85 -57 56 -32 -84 -7 -82 65 51 -10 25 -99 0 -8 -42 70 41 -90 -30 21 
-54 31 -15 -77 30 -60 -52 -80 -90 3 90 47 20 16 7 -50 -63 0 88 -49 47 -52 -48 -42 -96 -56 -25 73 99 -41 11 88 27 -52 -25 -11 -65 34 -48 -34 64 79 63 -86 54 74 63 30 -72 -2 -71 60 26 47 -33 79 72 90 -91 5 31 -32 53 71 37 78 -64 2 -98 94 -64 -97 3 -22 -71 6 44 -84 -2 -87 -36 12 29 12 -37 51 12 -96 31 36 46 -53 -81 -51 -40 72 85 -29 69 89 
-76 -65 89 -78 45 86 85 -29 -24 35 -51 -56 96 20 1 -28 -92 -44 1 50 -54 9 -42 -93 -82 -86 -64 -78 0 85 4 28 76 -73 -84 79 -69 -76 17 48 24 -57 54 -32 -29 34 85 -81 88 -82 81 51 58 -78 97 38 -52 47 84 -26 28 82 28 75 -19 2 -18 -36 -89 -14 -66 90 54 21 -74 90 21 42 1 -38 9 66 71 -57 -29 -38 83 -12 -34 50 -98 -76 14 -95 -89 85 33 -35 -13 67 
61 30 -15 -66 89 -87 -9 -70 -21 76 -26 -94 74 -50 12 -4 67 4 -72 -20 -28 -41 -66 50 46 -10 -80 -79 90 -74 29 54 -25 -43 -9 99 -5 -73 34 42 28 47 -76 -53 32 -96 54 -87 48 -33 6 -76 13 12 75 -3 27 83 -91 -84 71 25 12 90 77 24 -2 -15 -77 82 36 4 13 59 -86 7 -64 79 -34 -76 43 99 67 1 66 -26 -55 94 -84 -92 90 94 40 -16 90 26 57 -55 -17 -41 
85 15 86 35 70 86 -44 -67 18 -19 -78 40 8 -30 -84 -8 -76 -21 -39 76 -29 49 -73 53 -32 -40 5 14 61 30 -31 -88 45 3 -13 -68 70 84 -4 -67 52 -64 64 -27 34 4 69 19 -21 -88 -49 56 -90 46 -100 11 71 34 -52 14 12 -10 82 63 -88 60 15 -56 -30 -72 31 20 62 19 -93 -83 -46 -64 70 -83 42 -55 91 58 75 84 -90 -20 -29 95 58 -53 -78 -13 98 -62 -80 -53 14 52 
84 -65 -14 97 35 31 -43 -64 -55 78 -24 77 -75 -20 39 11 97 4 25 17 -31 -99 -84 -61 -32 -17 96 -31 98 54 9 -90 88 -32 86 1 31 -2 57 83 41 89 71 62 75 29 23 -74 100 5 -88 97 -13 -60 34 -73 60 -49 -24 1 41 14 -34 51 -82 77 12 44 68 -3 -59 66 -1 93 -34 72 49 -78 -53 65 -4 -63 -80 -75 20 76 -62 -80 -70 -44 68 60 82 -48 22 -74 -95 14 -29 -56 
36 -75 -26 99 59 -62 35 38 41 -72 -5 -74 54 -21 -24 54 -11 -35 52 78 -30 -61 13 2 60 -88 75 42 -45 -98 -64 -21 25 -10 -27 -51 -47 -2 75 -35 33 -76 -8 -10 -10 -1 32 -50 -81 70 -52 -72 91 -68 -39 35 -43 -34 -8 -64 -60 -46 -97 44 5 95 38 12 -67 11 64 73 16 74 83 63 27 -2 -43 -77 -15 -72 22 30 94 -29 42 75 88 -7 41 -44 88 -69 -58 91 26 5 -32 8 
11 9 12 34 86 31 4 -6 -26 64 43 -94 -69 91 35 87 -64 99 7 -14 10 52 -10 -9 -39 100 -26 -37 -58 -56 -46 -88 38 -42 -38 -87 -4 48 59 20 75 -12 49 -17 65 41 -95 5 -17 -46 -34 -95 -77 -31 72 -34 -32 85 -17 -67 100 -97 -10 52 -63 83 -60 -93 -60 36 45 -83 52 -49 52 18 65 -79 90 88 -56 -24 -88 83 41 -80 -66 -94 28 -55 -63 -19 -49 -58 -100 98 31 96 43 -83 
-94 93 -48 -57 63 64 -62 53 -50 94 59 60 -45 49 64 13 -32 -72 -11 50 -22 79 -52 91 27 -43 50 46 51 69 0 -57 -79 68 13 -98 -62 -76 67 52 60 -67 87 -27 23 -70 -64 -32 -29 -82 30 -37 -99 88 -47 -79 51 -45 88 68 -37 -81 -24 -51 51 1 37 56 70 -99 42 54 -34 -21 -15 -22 -46 43 29 31 16 -70 20 -16 74 -4 23 -89 8 -47 -79 19 -40 -69 93 80 -20 -19 -57 18 
25 62 -88 -41 -25 -27 83 -99 20 100 -4 -20 87 91 54 78 -35 -3 -48 43 54 68 100 -74 -44 37 91 67 -78 -29 26 -47 -13 72 -94 -38 74 7 -14 -71 -21 37 -65 54 -18 55 -49 68 -57 25 48 74 -60 -46 -55 -50 65 53 77 74 -59 97 -14 -90 -61 19 -13 82 21 -45 6 -82 -61 43 92 30 0 52 72 -49 -9 65 24 -88 51 20 29 69 -95 29 -82 -53 56 39 -88 -32 -25 47 -82 -64 
89 -73 -46 -70 -5 77 -17 27 48 -49 99 -68 52 -10 37 -70 46 40 -11 -26 -31 -82 1 -63 72 -81 98 47 -89 -66 -89 41 27 -89 59 5 -98 32 -90 -49 6 63 40 70 -22 57 -20 21 -63 77 61 -88 -18 89 -62 47 62 -49 31 36 4 72 -10 31 87 -72 87 49 89 -49 -50 -13 98 -24 -11 94 -18 -94 -48 46 -71 -25 -56 92 -12 -30 8 -39 96 -86 -8 89 59 47 53 -60 -68 -89 -55 -96 
-69 97 -7 94 36 36 -62 -40 -59 -61 10 -43 -75 -55 -19 -35 13 65 -89 -81 60 -69 -69 4 24 -67 -68 -38 46 69 68 75 18 88 -26 -77 -14 77 73 -31 19 -94 39 66 59 -100 -41 72 -87 -30 95 52 -49 40 95 40 40 69 -5 -32 35 -31 28 88 20 -71 7 26 46 14 -68 15 -98 31 50 -75 -82 56 -74 88 -65 -95 -10 9 44 -72 3 20 -40 -95 -92 -94 -25 39 54 40 -24 -6 98 -42 
3 93 -91 -93 19 39 -11 -73 45 -14 72 90 28 5 -68 -54 11 -92 -80 -59 25 62 28 -49 23 30 -37 64 49 -2 95 -38 -62 -32 30 70 76 26 -40 2 95 65 -6 -96 1 29 57 -36 33 25 83 94 69 -90 -7 -19 -72 -26 -81 -18 -13 21 -67 -90 -93 2 96 50 -71 -58 38 -23 28 90 -43 -37 36 11 -29 -7 -99 77 85 -33 -58 12 -28 58 -65 -89 -70 -41 38 79 54 -87 81 15 76 -13 
36 -56 -60 -65 84 -55 -45 7 25 -48 -46 10 25 18 -76 7 -23 55 81 23 39 38 -36 -90 -66 85 96 -81 -27 3 13 -19 49 -7 82 -14 -50 -61 3 -60 -53 84 93 5 74 18 8 9 -14 46 -97 70 19 81 28 -21 32 -16 38 -13 33 75 -52 -15 -70 -3 -96 0 34 -85 8 -43 -3 -97 -28 -28 86 -2 -94 46 -3 14 -18 -38 -80 26 -94 25 96 -74 -77 82 34 -14 -40 55 -39 -67 -47 51 
80 14 55 -96 89 -24 51 -18 17 64 4 -6 -77 45 -28 29 -69 66 -32 -78 45 12 56 91 -14 5 -85 -94 40 -73 53 85 77 45 56 -2 -84 24 -96 7 -98 74 -6 79 -91 67 76 -24 14 55 -83 -21 -13 -33 -55 -26 91 -40 -23 -56 -81 52 -73 37 -33 35 -88 -66 -52 69 -56 -73 5 22 24 -87 -81 -61 47 90 -27 -3 96 85 -90 99 99 -81 86 37 51 -13 -1 -96 37 -97 10 74 -2 -12 
-45 22 83 79 7 88 -26 -54 90 -26 33 100 -15 46 82 -60 1 -76 -49 88 -36 6 46 -91 -39 45 -38 49 72 75 -60 63 -85 -88 -92 51 -1 -99 48 -65 96 9 94 -47 6 31 -98 -13 2 -35 58 -64 25 -11 37 6 24 -65 36 -77 -10 21 -55 60 -68 63 -84 -82 83 84 63 -100 -5 -68 71 -64 37 -33 7 -66 -31 92 34 70 73 87 -88 12 -65 11 -51 80 90 74 99 -45 -11 -27 -82 -41 
-94 -9 -52 -71 -19 89 15 -34 -52 -94 -29 -32 -10 -8 35 -85 -56 72 80 -1 46 -39 99 18 48 -63 57 -38 -61 61 56 -53 81 54 100 -58 -77 16 69 37 13 -18 77 -35 -24 -90 -60 46 64 -97 -78 -25 0 -18 -21 -14 -28 -1 -59 76 93 -22 -22 -27 -69 41 -28 -15 -42 26 -31 0 35 56 22 9 71 20 -63 73 -80 -63 83 -9 -96 -65 85 49 52 -71 59 -94 36 -51 -96 -94 36 -35 1 -82 
-62 -79 -69 -35 -20 94 -56 -82 -81 -38 -35 -29 1 48 47 -7 19 85 -41 -52 60 28 -76 51 -62 -94 73 -56 91 6 69 52 -15 1 42 -33 60 9 84 -28 43 85 -8 -10 31 22 35 -52 94 72 39 48 10 -46 72 41 84 -71 -13 56 -88 -80 34 -34 31 -93 10 -93 45 -73 -12 -8 82 -71 -72 62 41 -33 51 93 -84 22 -59 -12 86 -67 73 -94 -18 -60 3 93 -58 89 55 -49 -14 -93 36 40 
-66 82 -44 -76 74 -62 -59 80 69 -86 -31 -49 -12 -5 -22 -44 79 31 -62 -31 76 66 20 -28 20 43 -89 -73 33 -54 -80 52 -83 23 -7 90 -74 83 88 32 -63 28 -43 -26 23 53 -13 64 -54 -61 88 -57 -72 -89 -64 -3 -7 75 99 41 79 -28 -40 39 -78 15 42 12 -82 -61 88 -25 -3 60 -41 -66 52 -59 93 42 -85 -35 72 -52 -56 -54 0 32 37 60 -24 23 -90 -6 78 92 72 21 -33 -6 
25 -58 -91 79 28 88 67 -84 59 70 -55 86 26 -8 93 5 9 -56 30 3 -38 -89 96 52 62 -54 -14 -29 7 97 -32 -8 16 -60 -52 -62 -52 -27 86 26 75 24 -5 80 -21 -24 1 -89 38 -57 77 73 23 -3 -91 -78 -53 -66 -26 -26 -42 -11 89 -73 30 -81 -89 78 16 93 64 -36 -92 3 55 -24 20 -49 -5 -96 8 -88 56 23 -97 -93 -73 -14 2 -67 -62 -13 -60 18 -77 -92 -49 37 -35 -41 
14 -34 46 -28 59 62 -63 -17 -67 -56 22 -25 69 -50 -40 -43 77 -14 -53 -49 -19 -37 -2 19 -44 -48 -78 -37 23 -17 -48 -14 -67 7 -82 39 -19 -42 7 -78 -73 -69 -49 79 -38 -26 -86 52 -89 -21 29 -29 -67 -63 51 28 2 -33 31 -79 -80 82 -65 -3 -6 -76 35 -15 -39 -8 100 -31 19 34 -93 34 99 -9 -63 -10 15 66 64 -67 -11 -36 -46 88 -94 -5 -45 59 73 22 -100 -7 47 -37 99 -24 
7 -10 -58 50 68 -23 -25 94 -83 -31 11 -57 71 15 -32 74 -88 51 24 18 -74 -30 23 -29 45 -97 -55 91 -76 -77 36 78 -1 57 66 31 -25 -65 -85 -68 -90 17 74 -56 -28 -67 -34 -65 -1 -27 -70 92 21 -85 -5 14 -69 40 13 -93 75 -31 -11 -49 57 -56 -95 24 80 9 63 -83 60 -62 -68 47 20 89 43 -65 31 -11 5 -70 -89 -98 -46 93 98 -52 -82 -87 -6 30 -11 -46 -38 14 -59 -43 
-72 -85 76 65 -5 -75 -57 -94 24 -91 -9 13 -54 50 -74 0 -35 -41 -13 -98 0 -27 -1 19 36 2 -32 -87 -65 -40 30 64 -81 81 -8 -94 -12 50 50 -10 -31 -68 -91 -93 83 -10 -89 78 -53 -87 -90 6 -91 21 -36 85 33 -63 28 -96 44 61 -39 64 74 -92 68 58 51 42 -51 -72 80 37 95 46 18 70 -56 -21 39 4 2 -67 -29 -66 50 -32 -55 53 60 -62 22 22 82 -10 27 53 36 -69 
65 -49 -94 56 63 46 37 -49 -34 -26 83 -33 -30 -75 -73 -38 -2 -94 -61 -51 5 19 41 -57 17 69 72 -97 -78 49 19 -76 20 0 -59 -81 -42 -76 -58 26 49 -64 -68 -83 -48 91 75 67 -2 35 -55 14 -10 59 19 -39 -5 50 50 -77 10 -9 25 -61 20 26 85 -84 -47 -8 -74 91 -58 -4 75 61 6 -81 -78 52 -80 -61 -91 -72 -24 71 -65 -22 -22 44 -6 -91 73 57 -2 33 -97 -39 1 -68 
37 57 66 -29 -25 50 13 41 59 8 57 88 -80 99 -85 51 -6 -4 75 17 -51 -47 57 -91 -21 81 -44 -25 -25 -34 62 -74 -11 -50 -59 61 52 4 56 76 43 -98 -48 -72 -78 -82 -14 70 58 -42 65 -42 62 71 18 54 -28 -95 6 62 -53 76 22 94 -96 -69 39 1 -55 46 29 -77 -68 -99 -4 30 1 -79 2 39 -3 -18 -98 36 45 -26 14 49 98 -34 79 -50 -44 -49 27 -5 -30 24 -3 -12 
87 98 39 10 69 -4 88 9 96 -69 38 89 -10 8 -26 -44 50 89 -5 81 97 -18 -35 -31 -66 -45 27 -15 -86 -56 -35 -90 -79 -43 38 -73 -15 74 -29 74 35 -84 95 -100 81 -62 19 57 -82 -43 49 -78 -34 -31 -45 -41 79 23 53 -76 38 -86 -57 -26 83 36 85 91 26 73 81 46 -86 -24 61 -82 -50 -97 50 -14 31 -92 98 -41 93 -79 -2 -47 12 25 -59 4 51 -69 48 91 5 -66 82 3 
28 38 -7 66 -86 -43 -69 -25 -62 43 66 -13 13 33 10 20 58 88 -34 -22 -78 25 57 14 -19 99 -83 98 -18 -22 66 25 -60 86 22 100 54 -94 -31 72 44 -45 -85 78 -4 -49 -32 76 -95 6 -25 82 56 -61 -10 55 -88 -30 -73 -61 51 3 91 -54 32 80 -43 71 -21 -84 14 11 33 60 -53 51 -95 -42 -18 -24 -58 32 72 -45 81 -61 33 -90 30 -19 41 8 -73 -98 -37 77 45 47 -89 -9 
-10 61 -12 4 94 -24 -28 -45 -98 -64 95 -2 -58 71 11 1 -16 -78 49 42 -86 52 -1 32 -67 -41 -73 42 -73 -10 62 30 100 94 -56 -33 90 73 -10 -84 -2 -31 -37 86 -42 -13 -16 -18 18 23 9 94 10 23 11 -25 -88 -3 -45 4 84 -53 -4 -52 9 -77 -49 41 77 37 -63 32 -19 -45 73 -37 3 69 17 -67 -48 77 -23 -18 -50 5 -25 33 93 -96 -37 56 -76 22 89 16 -43 -97 -1 31 
-90 -12 14 50 -100 23 42 69 -61 80 12 -59 -34 15 -99 91 29 -20 14 26 79 54 43 -39 -34 13 -61 29 25 -71 27 -53 13 35 -5 20 40 -56 -81 -76 -9 -72 61 -45 8 -4 95 38 35 -88 -3 -17 -72 -25 63 -87 95 -85 43 79 -61 51 -94 55 -7 -60 36 -21 16 -52 7 -14 74 -5 35 -25 -80 -49 -64 36 44 81 74 79 -20 -54 48 -58 91 81 -59 -6 97 -92 -68 -28 26 21 18 -39 
82 94 -69 -33 -74 -26 34 70 -14 -67 -83 48 -14 -97 50 -16 -29 -12 65 67 -18 -87 -70 23 -83 -10 72 42 -52 -58 -31 60 -12 21 -52 -3 18 19 57 -53 4 23 76 -49 -84 -92 -44 8 -21 -83 67 36 6 -16 4 -91 34 -68 61 -62 93 32 -21 1 -24 40 29 -8 54 -16 33 22 -41 8 -40 -76 40 69 -8 -71 72 15 -69 46 -62 -98 92 -68 -78 -28 8 -52 62 94 -49 78 76 -11 -98 32 
84 -83 -12 73 -87 -89 -63 48 66 -100 -41 -59 29 37 22 60 9 16 19 42 -92 -47 -18 86 36 23 34 80 40 61 61 7 71 95 74 -38 -86 -64 -85 82 -22 -50 -21 -84 -29 8 50 67 -4 -44 -61 -98 -54 73 86 -65 41 43 29 -79 80 59 67 -24 -78 31 86 -5 23 78 10 -7 69 -79 0 60 91 27 13 28 -15 -97 -41 -13 21 14 -58 -65 -68 62 -56 -67 1 98 98 24 96 -32 -19 -39 
-38 -3 72 47 65 80 41 41 53 -99 84 57 50 -7 7 -67 -83 68 -21 9 35 47 10 -12 76 75 43 -89 70 -64 -46 -24 -80 90 -22 -28 80 32 -48 49 70 -30 18 -38 33 12 -74 30 -58 59 63 -55 -89 -43 41 93 17 -22 14 32 44 -37 55 98 -19 98 36 10 25 54 41 94 -64 -45 -69 13 44 -59 11 -72 -24 38 -61 -57 -29 2 85 75 16 25 76 41 -64 -68 -18 29 -26 -17 22 -98 
-93 -98 -54 -100 -24 92 10 -82 -24 48 -98 73 -11 77 -92 57 14 -11 -80 82 -2 1 68 72 54 30 -41 -64 73 61 -4 -2 61 39 -86 49 -42 12 -60 -17 25 -65 -52 57 13 91 -45 17 -51 92 -71 -82 76 20 -55 17 16 24 -43 84 -97 20 28 -77 -32 53 0 42 50 49 0 65 -2 -98 41 0 -100 -74 96 -15 43 -83 -18 91 -71 -80 73 72 -3 19 88 -7 -89 -13 88 17 -13 26 11 18 
47 94 -26 63 15 -32 35 -44 97 -41 -52 74 -25 12 25 -47 3 -23 -45 68 -28 -55 49 91 -21 -43 -15 -99 87 -73 78 -11 38 -88 -78 11 81 -57 -13 -95 51 -26 64 68 100 -98 -74 -63 83 -14 49 17 -1 61 75 17 -16 24 -41 -47 7 9 76 22 -8 30 89 -17 -68 -74 -66 80 -7 -55 -82 -96 57 31 -33 36 -78 -16 100 -43 73 46 -84 96 -70 89 29 -92 12 84 48 86 -82 -62 11 23 
35 89 65 72 -28 -16 -91 -32 100 62 7 42 -14 8 72 9 100 49 83 -37 90 -21 10 -99 97 90 49 -98 99 -31 -53 39 -58 17 46 52 74 48 -58 -5 -46 67 -5 43 54 84 58 -64 94 93 45 27 -38 58 81 55 50 -88 84 19 -71 74 61 88 -8 75 4 21 -45 16 -28 -4 41 4 -12 76 55 36 -69 57 65 -5 -78 -71 -44 -11 56 -54 74 59 43 68 45 -100 -46 -72 91 65 87 41 
-51 -60 -77 -16 -64 66 -48 79 65 -20 -38 -98 21 -75 37 65 -63 97 -25 18 57 -7 -76 -87 88 -82 58 -82 -87 40 52 -62 -43 -18 83 -61 22 70 52 52 91 -71 -82 29 47 -57 -97 -60 -15 -51 84 -46 -19 -14 34 52 -29 -81 59 14 33 12 -93 -36 -66 -60 54 -82 86 -29 15 -51 -17 18 -86 35 88 61 42 34 0 -74 -7 87 -68 19 -47 -65 76 -85 36 15 23 -3 70 -74 48 94 82 91 
-9 35 37 27 -79 -49 51 -51 33 -15 3 -86 -97 55 54 -85 -4 47 66 37 94 61 -21 34 -16 36 -68 -100 -95 -6 -77 56 -56 -61 -71 -57 30 50 67 0 -90 -9 -63 59 27 18 -13 -20 29 -14 36 10 13 33 41 -55 -60 -82 -17 -4 17 -32 42 6 -33 100 90 58 -29 71 95 21 -54 40 -80 -100 95 -77 29 27 96 67 -79 -41 39 -88 63 22 -32 34 -83 18 -59 70 62 -91 -41 0 31 -57 
91 40 15 17 42 -88 25 -84 -83 90 -36 47 -46 75 -78 -40 -43 34 -77 20 -14 77 98 -72 -12 -56 32 -70 -81 -74 -31 57 -6 -7 21 64 -26 -11 -38 -90 -95 -86 -75 -11 17 78 19 -72 29 0 25 13 -12 -85 -84 -35 84 22 -79 5 22 -87 -80 73 -6 82 -90 -96 -27 -28 52 -83 -21 -45 92 10 85 -5 15 72 80 76 3 -57 -26 5 -59 14 -9 82 26 80 -30 17 -96 50 -11 -17 46 15 
-1 48 89 -72 84 96 4 -96 83 -31 41 -23 -63 16 72 -67 -43 -85 -67 27 -8 91 -65 -58 -92 87 -16 50 -66 70 -24 33 -88 -91 -3 30 96 50 35 52 -79 69 -98 5 -36 61 74 75 46 21 7 79 42 22 75 55 45 -40 10 -44 49 -6 -98 11 -17 -77 -62 15 -75 11 57 21 -23 -99 -33 7 67 -81 -64 58 -28 93 -99 30 23 38 -67 12 -35 15 90 96 4 -11 18 35 55 51 -55 -25 
-49 1 -36 62 13 4 30 3 -2 -88 48 96 -13 21 98 1 12 5 86 -18 3 5 68 -29 35 68 86 -70 -22 26 5 39 38 -21 36 37 -2 9 71 73 -73 -64 28 -45 33 -15 -1 36 97 45 -47 -35 60 -60 98 -98 -60 35 -77 38 80 36 -80 -81 5 -55 -22 74 -59 52 86 -7 8 -18 -9 27 51 -9 -68 78 5 77 -9 97 -29 -37 -69 -54 37 -29 -74 36 -42 52 32 34 61 38 81 -56 
-62 25 -94 -91 -78 -100 -11 -29 78 -98 77 90 -22 60 28 63 -85 47 -5 -40 99 53 85 15 59 68 -73 14 70 -50 36 -59 50 91 85 68 -99 -27 56 5 -12 -48 18 -75 -33 25 86 18 50 -56 -36 23 85 44 51 -56 -66 -68 23 35 -72 1 20 94 94 -84 70 -46 -19 -99 57 -27 72 76 84 76 -92 -76 -92 -38 95 -87 -11 -85 -73 7 -75 -50 19 51 69 -18 -14 -64 45 -74 -56 4 70 41 
-56 54 43 -78 -4 72 94 37 69 -88 42 -80 -79 58 -66 77 -42 45 6 -30 81 -100 -60 -93 41 -58 -66 -9 -14 -27 -69 27 14 -68 2 -48 -66 82 -73 72 -100 78 -92 -60 -49 -96 -41 -18 44 93 61 -53 -79 -4 100 -5 16 -79 50 -44 -29 92 -64 -36 9 -63 -4 81 48 49 58 72 100 -90 -89 91 100 43 8 85 -97 -17 34 0 -26 -76 82 -79 -4 75 -91 8 -60 6 68 76 74 77 14 66 
28 -93 -65 -44 42 57 -54 17 45 61 92 86 75 4 55 1 -83 -27 -40 -81 -39 -32 -92 -100 16 -46 6 0 45 -72 -77 3 -58 3 -6 30 48 -88 -46 58 -21 51 5 -14 10 -99 32 49 39 38 -39 -98 64 56 -26 -20 31 -45 100 90 -89 57 -85 62 2 1 -13 -37 5 100 -50 -83 19 51 67 92 19 -77 17 -35 -98 -21 0 4 -35 73 -96 -63 50 -71 95 -34 66 66 -67 78 21 81 33 -15 
-90 13 97 7 -60 -5 -28 67 30 84 70 88 -14 18 31 92 9 -23 98 -82 -91 -1 -81 36 23 -75 74 3 8 -70 -16 40 -83 76 91 -12 -14 16 -11 77 -74 100 83 61 11 -68 72 28 4 13 51 -6 -53 86 11 -62 52 50 34 -38 -64 60 -63 -20 -51 65 82 -30 0 93 -1 -21 -94 12 -10 95 53 28 -23 -92 -57 -100 -94 -49 71 -85 -100 -1 14 -66 -32 1 52 54 16 94 25 -50 2 24 
-68 -47 24 -37 19 84 80 -46 45 89 68 14 -29 79 74 32 -49 99 -52 20 75 47 71 -40 84 55 59 -41 83 25 23 -37 5 -83 -92 29 25 -8 -63 97 -73 10 -71 -92 -16 89 15 -25 26 -56 -67 -97 -48 59 89 1 -72 64 -17 -60 22 -81 -79 -68 -85 -14 -36 -62 16 39 -84 59 69 -23 71 -64 -96 93 -32 -13 -46 -29 5 -30 66 -91 -26 52 57 -25 -44 -80 -30 -3 -54 87 9 -78 -98 -43 
-14 -46 55 13 -76 79 -61 -74 97 -63 -16 -27 60 28 -84 -59 -86 -88 55 2 -15 12 -44 22 -38 -58 -18 -83 -100 37 -26 76 21 96 47 60 55 -96 -9 73 87 -32 25 -29 29 31 -56 -31 -91 22 -57 38 -32 -74 -98 -6 -44 78 -12 95 64 10 -97 -61 81 89 47 -41 39 92 35 -92 -97 -40 -27 42 -10 32 -20 16 -6 -10 -72 66 -96 0 62 -14 53 -72 100 60 62 39 46 -86 -4 -58 -36 -83 
-1 -32 -9 -27 86 9 -19 -66 -31 50 89 16 8 83 -38 7 69 97 76 64 22 31 12 86 -79 31 -89 100 86 37 33 65 6 3 59 80 81 77 -73 31 14 84 -38 -85 -4 -9 -88 69 -64 7 33 -43 61 36 -64 84 -97 -9 41 -67 87 5 92 -32 76 51 51 -46 50 57 36 -76 -15 -16 88 -78 -56 8 97 -62 -93 -49 23 -45 -89 -72 71 71 72 -34 -47 -67 -52 79 -63 -15 35 -73 -26 29 
31 53 69 -53 35 -12 29 -16 14 -57 72 19 96 5 58 -53 89 -81 -33 41 79 39 35 -98 -22 87 64 -27 -26 -82 14 88 28 61 -90 42 -17 52 16 -94 -48 -31 25 63 58 12 56 -18 -82 -52 -81 48 -37 68 94 92 7 26 58 75 -55 86 56 -9 -23 -28 -42 -53 -18 -99 0 -30 -1 35 72 22 38 1 50 32 68 63 -20 -65 -89 -42 82 -33 75 -59 -2 -79 -70 22 -97 -50 76 57 27 0 
16 -96 13 73 -46 -21 42 36 -91 -5 -3 -50 -62 68 1 -65 89 4 40 76 4 40 -96 -69 82 84 12 73 7 -31 30 -67 -36 -19 41 -67 75 -85 -3 -77 -56 -59 -49 91 90 -54 -69 63 -31 44 -99 -65 -18 34 29 64 -18 -95 47 90 24 -14 -83 59 -51 100 16 -34 -20 22 33 14 78 -67 -11 89 -16 69 -83 -83 -31 70 -55 -17 52 63 -72 43 -2 -55 -1 65 -16 -45 -7 -49 58 15 99 -13 
43 30 -15 26 91 -63 77 -54 37 -24 -57 -69 -3 -52 -53 -4 -70 -65 -6 -24 -2 -52 19 53 -79 -95 -81 -63 60 27 44 65 77 -66 27 54 -51 46 60 94 -45 5 -84 -29 -4 -57 84 -80 20 -79 72 -82 77 -19 12 100 -46 -48 71 20 35 70 -88 35 74 -48 -69 -92 64 29 94 -1 -12 -45 -84 -36 -6 16 -3 98 18 95 2 76 -21 -64 -36 -91 -5 -65 -86 52 -27 92 97 -51 13 -30 16 -67 
-49 37 -17 -48 59 -32 -93 53 -82 93 84 -11 -63 -11 -98 -29 -27 81 7 81 -47 -49 28 62 85 39 10 -7 100 -72 96 49 -97 -67 -1 35 -98 -16 21 -2 49 75 -63 -20 -89 71 82 58 20 86 3 -92 64 60 -42 -22 83 -11 -100 88 16 -26 -54 -98 -74 32 -86 -43 -30 -56 63 84 -93 6 92 -31 -97 -23 -92 -73 -26 -1 15 -25 -28 -22 -53 5 85 -61 -94 -35 -80 77 -68 96 -15 -97 -57 81 
45 -21 15 4 -29 -18 -33 80 95 -62 18 -36 -1 -15 92 96 -22 10 76 -64 -67 -4 -94 -68 -55 13 -51 -42 34 46 -98 -97 91 -2 99 -83 -81 -8 54 54 48 -39 -3 33 60 -29 51 9 7 -97 -14 -51 64 -37 -63 69 -6 -75 71 30 -15 -13 47 -74 -24 3 -93 -69 -57 48 26 49 -71 -19 -86 -58 46 -92 44 -17 -68 -8 78 -36 97 10 60 39 30 98 -90 81 -78 -94 -49 -83 -95 -44 90 13 
27 -59 35 79 -32 57 8 30 -2 0 54 -53 -76 -68 -18 -22 -57 59 88 49 -78 -8 67 -76 19 92 74 -71 6 47 14 92 -99 40 -85 -36 -8 59 97 -55 -60 90 6 -28 -2 -25 -26 1 36 6 88 38 1 9 26 -7 81 89 48 -21 37 43 -63 -8 -97 55 42 29 -75 -80 -33 2 0 -10 -81 0 -12 70 -12 42 -76 -31 89 18 24 0 -49 74 -51 -7 66 -85 39 -23 -66 66 -20 -29 51 73 
33 -66 73 -63 -9 -41 -33 2 71 -48 -77 74 -52 -3 66 -94 -89 -38 -47 -54 -36 7 -18 -99 26 3 -56 -64 -81 26 -5 -41 8 -30 44 -82 81 -79 -56 -15 61 -99 16 -87 44 -40 95 63 23 77 -75 -7 20 23 -67 74 -22 -5 42 2 -54 25 20 -34 -63 97 38 62 89 71 -40 87 -95 -36 69 38 94 -52 83 1 -97 -84 61 33 -1 -1 -41 97 15 55 54 -92 75 0 -52 87 -64 -16 5 -6 
0 90 99 81 -35 -98 -26 -7 77 -38 -5 -71 51 28 -69 69 44 16 -63 76 96 14 49 66 25 7 71 100 -51 29 -3 89 -15 -32 89 -51 3 34 -15 67 18 66 -26 -88 -63 -80 54 98 -98 25 -59 -82 80 52 72 70 69 -42 13 -88 53 14 48 88 15 80 -93 -25 -54 79 -31 -61 26 -83 -86 61 55 0 -92 61 7 43 -100 -92 -47 47 -23 84 -35 56 -33 -74 -26 29 69 70 -34 1 -87 54 
-11 -73 -90 37 -52 -29 97 -53 33 90 93 69 -6 26 -42 15 93 -92 20 -51 -55 32 -85 -89 -39 -14 -12 45 -1 -81 15 76 -31 95 2 32 14 22 40 -38 -89 29 63 42 -5 -66 -78 46 -61 -89 39 44 -97 26 -86 55 36 22 -16 -36 51 84 37 -95 94 29 53 -94 -68 61 16 -53 -90 -52 -63 9 -81 -18 23 53 71 -1 -100 -25 17 42 -3 -9 70 -45 30 91 -33 64 5 86 87 -81 -28 72 
20 -29 -32 18 -63 10 -29 0 -51 26 84 -57 -16 35 34 -63 -74 -87 55 -38 74 -51 -55 -43 20 0 -58 -28 15 1 -56 -68 92 65 1 -76 24 -25 -68 -77 -7 77 6 66 -97 -49 -58 16 5 -57 -65 -10 -6 12 -30 -95 17 -63 -48 50 -73 -33 -17 31 -28 -16 -73 -56 -54 -8 11 -7 -29 -96 85 -35 49 12 -48 -69 18 -3 -93 77 -19 -94 -34 -35 -3 94 -86 69 -81 21 -75 8 -24 41 38 50 
72 93 60 45 10 44 31 -79 -14 -28 -48 1 80 79 -75 65 -15 -20 14 -51 -8 68 -1 91 -18 -55 8 39 59 -79 -25 50 -40 -80 -48 -60 -44 79 57 -13 -71 46 -14 43 -49 -69 56 -38 -42 -57 -91 9 98 -18 -12 -97 -70 -43 -32 85 9 -44 57 -87 -88 -98 8 59 25 76 65 60 -15 94 -27 9 -43 6 -38 25 -85 -97 32 40 33 82 51 -7 9 96 -86 -72 -57 65 3 29 -77 -48 -99 33 
-62 -38 -15 -2 88 -22 -46 82 -73 47 -3 -37 -18 -39 -90 97 -8 -27 62 -83 48 -25 10 -85 43 90 -70 68 -39 99 54 -14 -64 62 57 -63 72 85 46 -75 13 -92 -31 5 18 74 76 97 40 -28 25 -15 6 -41 12 1 60 86 -10 -73 75 12 94 -89 -76 -69 15 -28 -78 20 -80 -53 -80 -59 43 -67 38 -37 52 -55 -2 31 -97 -20 84 -51 -86 -54 -61 83 -90 -83 85 37 62 -71 29 80 -97 -83 
52 -84 -34 94 -49 -37 80 -49 -55 -70 -3 84 -31 -39 86 92 53 65 -54 59 18 47 -47 -7 33 -43 87 55 -13 -23 -40 -39 -77 -51 -53 -71 98 -63 -68 34 -84 -83 34 -12 -43 -4 -17 -81 -10 82 93 -51 64 -9 -64 -51 15 -58 -60 45 96 77 6 77 -43 -83 52 -6 -9 19 96 -44 -36 24 -74 -12 -95 -49 50 84 -86 76 -22 -27 87 -3 -80 -33 42 93 97 33 -83 30 -1 99 -94 -85 -18 38 
-71 -38 -35 -38 82 3 -7 -43 14 11 -98 -17 -3 86 90 -38 -69 -10 -81 49 -64 -5 92 -76 -87 -74 47 -23 -69 94 -2 1 -42 4 90 37 44 5 -87 -22 23 -89 -25 60 48 23 36 62 -24 -61 -10 -63 -15 -77 45 63 43 28 74 87 -71 -82 29 5 44 44 -7 -44 -13 21 96 62 -34 15 -18 -99 46 68 2 -19 -19 6 -31 12 56 81 80 100 48 -98 -13 15 17 5 72 -90 -34 75 -63 32 
-56 100 -15 94 -51 86 83 -40 56 -31 -26 -58 16 -96 -59 -61 -67 -48 -12 -43 8 16 -94 33 7 -60 -35 -3 64 91 -9 72 68 -41 31 37 -83 -17 44 -41 66 -56 -47 6 45 -88 6 -39 -24 11 -91 -6 78 95 70 -78 -27 -22 -5 -18 -82 95 -67 -50 40 -84 59 17 41 56 98 38 -63 11 -98 37 47 -33 -15 78 -17 0 86 -46 -65 -8 53 -41 27 -84 77 -7 83 -50 96 57 0 45 69 0 
19 73 -34 25 -61 -36 75 -94 -70 12 96 44 29 -62 -66 97 8 44 66 -74 -51 3 -26 61 -45 2 -3 -40 85 -40 20 -80 88 72 23 89 56 -92 0 48 67 -69 -83 97 -100 19 93 -55 -48 -81 58 -26 -71 25 -27 -91 37 -12 72 55 28 -58 65 7 12 -11 -68 -69 -19 18 71 -86 -61 30 -56 -3 13 62 -97 98 35 -71 -7 -8 -62 75 -61 -72 53 -88 -97 -28 5 2 -15 74 -55 77 -50 14 
-87 10 29 -33 -66 -20 8 76 -2 -55 95 80 5 23 85 -16 -82 -68 6 91 -82 31 -31 29 -62 -86 90 -11 54 -51 -88 97 50 16 -9 28 -55 19 4 -61 31 -10 -79 -99 -100 61 -17 -93 -30 20 -42 85 50 37 72 95 -74 24 -56 -34 10 -86 -99 -41 96 31 -32 90 -25 18 -64 -86 22 26 -78 24 -28 -59 -76 11 -88 -11 -69 56 -80 -87 -81 80 3 -61 -47 100 -92 80 -86 16 59 -46 -78 15 
48 -81 98 49 78 -96 47 -72 45 89 -69 -85 14 99 -16 -65 8 22 26 85 21 -18 1 -8 -8 -70 22 -16 -81 97 53 17 49 37 29 -86 2 -14 -32 -30 -15 -73 -76 -38 -87 1 -33 -77 61 3 -40 -1 -75 -36 95 0 -3 -37 21 85 52 16 -91 31 -100 59 -84 52 53 -11 40 -63 -41 -43 13 -99 3 74 83 23 -22 -93 -51 33 73 17 -50 4 -77 70 93 92 -98 18 58 10 -98 84 -60 58 
-77 1 89 -57 -54 -9 -42 25 -16 -47 -93 62 95 21 95 -95 42 -99 -46 -39 49 -45 -9 77 23 -51 -62 44 40 -54 -31 -59 -93 -31 -55 58 76 34 -62 80 -7 76 2 96 -62 58 -13 -31 -79 41 -78 34 -5 6 48 14 5 74 -75 82 29 -16 16 -22 -95 -81 76 54 44 -22 40 30 33 15 -26 25 83 34 -42 -47 -41 -48 -28 -48 2 -61 54 -2 -14 -60 -65 -98 -22 87 68 -51 80 -8 -16 -91 
50 49 8 -21 36 49 -99 86 -52 26 42 18 76 4 -7 73 -20 -100 22 40 80 60 7 -76 42 -69 5 -48 -100 19 7 -66 -18 -6 31 98 52 -6 94 31 48 -35 80 94 74 53 23 -1 -37 -13 66 22 -32 51 60 -39 -100 -3 14 68 4 5 36 -50 1 78 88 -83 -42 38 -7 0 -74 -8 -34 -38 -24 85 37 65 87 16 88 73 -57 25 -74 -47 -46 37 73 -25 -82 -52 -20 -62 -87 -75 -20 -44 
94 22 8 33 79 34 -54 12 14 -82 -100 -79 -46 -12 -62 -10 69 83 2 -47 75 21 1 -37 -44 28 -53 -6 24 -46 72 -60 -59 58 21 51 95 -99 -13 -88 60 -49 43 -39 56 11 -6 33 67 71 -64 82 -62 -66 89 21 46 -93 -79 18 19 -11 -15 36 -89 46 65 -7 -59 50 -32 -40 49 -12 75 87 88 29 28 99 17 -46 12 35 5 84 91 -6 -75 39 78 82 -75 -9 -48 -80 70 99 -74 -79 
-96 -82 94 -58 10 -36 84 36 57 21 -1 -92 12 44 -76 20 28 77 -12 47 -99 59 89 46 -41 -80 0 -25 -16 -76 54 13 23 10 -60 97 17 -49 55 57 80 -73 50 -36 -69 48 -14 -12 -12 58 46 -17 55 -48 -65 71 56 21 -39 -74 -5 63 -72 28 -18 -65 50 -35 49 -45 -66 59 -43 -66 87 -52 39 45 -44 4 85 -86 0 -87 -45 47 20 43 -57 35 -26 -66 37 69 60 -96 85 -82 12 -27 
-39 45 38 -81 -72 50 -43 -40 -59 23 75 -38 28 14 85 -100 -100 79 40 -100 -74 90 -28 56 -51 84 -45 48 -3 48 41 -50 3 -46 -88 -36 57 -71 74 4 1 11 -55 -100 83 -72 25 -1 -92 -31 100 100 -63 99 66 1 52 90 -82 74 -75 45 -25 -91 24 -35 -78 40 50 -88 61 -88 26 -18 93 -98 11 -63 -61 -38 -45 -13 -43 -44 -72 -60 96 -85 4 -82 -70 -73 22 59 37 -9 -98 -9 -66 41 
74 69 -80 -12 -48 -66 3 63 51 -14 1 -55 -10 -15 -51 -39 -51 -85 -20 69 -68 30 100 -5 -22 23 -43 -65 -62 -55 58 -89 69 -16 -6 -6 60 10 -11 65 -43 98 2 -76 35 -33 -26 -84 -29 -85 -12 -50 -88 100 21 49 31 99 25 35 -77 -54 91 44 0 2 -37 -25 46 63 -44 -87 -79 83 -78 74 2 52 -63 -27 65 -2 -98 3 -13 -56 88 -26 84 -58 -32 89 24 36 -50 60 20 -58 40 20 
-62 37 97 -8 -75 6 47 -95 -77 -46 -51 62 33 -96 -55 38 -95 58 -20 99 34 92 11 74 66 67 35 -91 64 90 5 54 71 91 -95 -19 4 -48 -97 23 60 -25 88 -13 27 73 -49 -22 14 71 -12 -80 2 -96 12 100 -32 -8 -16 25 37 -71 11 74 -37 -63 6 -70 -95 37 33 100 -42 21 -48 -39 -100 -9 -75 82 -56 30 -41 14 -36 38 42 38 76 65 -45 -7 37 -58 -14 -49 24 20 33 53 
