100 96 -98 82 57 1 -12 5 -96 73 -100 96 -83 6 -47 -90 -42 77 66 36 -4 22 -29 0 65 
70 -48 100 62 -9 12 82 88 -35 64 25 10 -33 -59 -98 2 80 72 85 -89 56 -47 -43 -41 -90 
-84 71 -65 68 8 -24 -7 22 -53 -6 3 12 24 90 -50 18 -68 -12 -73 47 -90 0 70 -70 -86 
83 28 52 -60 -29 41 -37 4 -66 47 -32 40 61 -15 70 -59 36 23 86 -53 45 10 -73 -80 -14 
-18 -82 -57 28 88 63 -40 4 -24 18 -4 -51 80 -78 -53 -34 16 86 -100 37 26 84 -18 58 83 
-45 90 -12 -56 -93 -25 25 34 -88 -68 -63 36 1 19 -21 68 100 14 -22 -71 -30 -54 -45 29 55 
72 3 26 -63 -34 -78 74 44 -88 -25 -4 -90 51 78 44 57 -25 15 -50 -94 -69 -92 -45 31 30 
91 8 -1 24 -18 -50 -19 -13 82 53 83 -16 37 1 98 -46 69 14 -59 -29 -57 60 -83 34 -9 
68 -11 -97 64 16 -80 98 30 -100 48 -29 2 -50 5 -9 -26 -60 74 10 -36 -91 69 -84 -61 -20 
-80 46 5 -76 42 33 -30 29 94 -94 50 30 99 -71 53 -1 -43 47 34 -2 -98 -96 18 -62 -35 
-64 88 37 -73 -25 -97 -17 53 95 12 -71 -26 -54 38 77 -52 15 58 13 66 -20 -96 -89 -47 -57 
-9 -8 92 28 18 9 62 46 61 93 -31 -15 -18 -97 67 96 40 14 -40 88 -80 6 64 85 17 
53 67 42 -40 87 -47 -37 48 33 76 53 -79 40 -19 44 -60 -7 -41 87 10 -22 31 20 84 43 
-87 -20 -63 -21 -44 -25 -47 -91 1 -37 -90 40 34 -42 0 38 -53 36 -1 13 5 93 82 12 85 
22 -71 -8 42 -2 52 -21 7 -10 49 2 -95 65 -45 43 30 24 63 5 -94 -4 -37 -53 21 75 
-34 -77 53 -86 20 -8 46 -56 -48 69 -39 -47 -76 -84 66 22 -28 62 27 97 97 -2 -83 -80 -54 
34 37 85 54 -71 71 50 33 -19 34 41 90 -95 84 -52 -91 -64 -39 -50 -81 -88 -76 60 -20 69 
-72 53 -10 -76 98 75 27 -18 -5 -75 -56 61 82 -6 88 20 13 -47 -8 31 39 35 -88 55 56 
-63 -50 78 -94 -67 18 0 49 -82 -58 61 39 -82 -75 2 -39 -16 -89 71 47 88 19 -43 -90 50 
-88 78 0 -80 79 -89 91 31 81 50 -42 -56 56 -17 66 -50 1 -96 -98 -27 17 -15 65 -53 6 
-56 40 38 83 4 -46 -8 -96 -27 -51 -4 -66 11 -24 -31 28 98 -76 31 86 14 41 68 6 -14 
-89 -50 -23 -33 -35 -99 -91 31 -65 -60 -67 81 10 97 -94 -16 -8 -20 54 90 2 -54 20 -35 -35 
-69 -95 -81 12 -63 -39 -62 17 -68 30 75 50 55 -25 59 -47 -14 -44 3 -92 19 46 11 94 38 
-42 12 -32 11 19 92 -20 -42 -8 2 -24 -24 51 56 58 32 -28 52 -91 64 96 -21 -11 53 -12 
-37 95 5 24 19 -8 21 97 59 -35 82 -93 -82 -60 74 -82 -22 95 -30 -96 67 -85 41 87 -39 
