-10230 -5935 -9162 4640 23178 26652 -23227 5342 -2467 10353 7329 7918 22142 15773 -6468 -21676 -12899 -9370 -8452 -345 4657 -1837 3856 18072 16489 
-5991 11995 -2784 8428 3580 -18326 2618 -3147 648 -5190 -2776 -6385 14308 -209 608 26078 27089 -6564 24235 596 -23669 -480 -19947 5269 -13243 
-30573 1768 -22500 -19360 16477 27316 -24924 -13387 34394 -2026 -322 4677 47562 -5353 31704 -7234 -5934 14524 -26228 -1916 22736 3046 -5958 -10826 -17988 
-7456 -2685 -14720 -25729 33042 9002 -2918 954 14610 19454 -2513 -7526 28079 -37245 44567 -11299 -10962 3711 211 2771 2997 30931 -17050 9910 23149 
11193 9027 -7803 -6053 7721 -22040 21906 7521 2853 -11300 -3919 -23830 -5056 12935 -13420 9219 -3313 5540 -4049 -13625 -5495 918 -6896 5383 -7165 
-23354 1978 -12865 12264 -11581 -411 -6639 -9520 -25127 -23287 -3304 20734 -4751 -785 -23253 11797 4943 -6374 18355 15654 -1730 -2580 -3554 -18912 -3363 
-34995 -9604 -35495 10627 6940 1943 -9486 -1560 -2790 -17987 7615 -5224 40403 11123 -5559 765 -18624 -13789 -33282 -21270 -18751 8225 32748 15553 22538 
-13314 809 -2783 -2565 22731 18658 -5387 4767 -20725 17637 -20771 7575 -15662 8023 -14081 -34910 -37616 14198 11750 14056 35369 -2538 1326 -27853 1443 
-19264 21751 -4827 21572 1079 -1437 -21886 -1578 -2441 -13972 -2197 -1507 6497 15028 -11552 15296 464 -9159 -2544 15426 -29140 -12274 41558 39459 10352 
-5887 -24798 3086 -24430 -13263 15215 14423 -16946 -36787 -6910 -10072 4380 7965 -9692 17064 31613 3338 -15033 -12927 7898 15451 24443 -12475 11041 17740 
-10083 9243 19835 17377 -8213 -7809 4949 -4745 9574 -15061 17608 -7829 -21697 22798 -21891 18757 -13264 -36355 -2273 12828 -24656 -12523 52266 9893 -13666 
-5184 1652 14965 -16460 -1579 37256 18327 959 -1510 -27596 14049 -4684 -6857 -1380 18812 19178 -23524 -7896 -13168 -6759 11961 -12134 4204 -509 2574 
5044 10344 5919 7381 -2889 -15579 -4424 -5420 1554 -9317 -10980 16489 -10390 -5877 -20984 -19404 12599 -18210 37381 -2135 24864 11099 10855 -35125 -12454 
-5555 -23160 -8939 17311 333 16900 1862 -2710 -25555 -9826 9520 -14630 -3422 -20080 -11006 5416 3167 14745 -7688 -13415 26129 3426 -8935 7349 10700 
605 -6833 -7331 -20223 -4434 -32146 -14998 2571 17618 -1079 26982 -37116 4157 21113 40135 -15594 -11614 210 -7132 -17696 5257 -21898 -15910 30791 -1283 
851 31465 -7443 4798 765 -27458 -7786 28710 16791 10922 -13579 -8844 -20821 12393 -17811 -8871 343 21369 -3000 2447 -11715 -18445 10595 4639 -5729 
-24461 27967 -16334 9674 26394 -10805 -5048 -20714 33114 -31185 -4823 -8893 23339 21299 -4570 -1221 -2116 -19254 -17438 15891 -14508 4401 23313 -16962 -25845 
2440 14592 15358 22119 -8039 -5909 18437 -3164 -2962 1743 -14867 6753 -9466 23286 -24220 16250 11034 -31409 -10286 11660 -19834 -5816 27796 -17735 -11561 
30525 -27580 -6919 2473 -14277 6575 -6625 3618 -5601 17844 4080 -13849 22172 763 -3703 16182 17293 28228 4756 -32657 3582 1276 -27749 4505 -13730 
1837 -6457 11083 -734 -14899 21926 -11469 -4039 -12774 -19585 14760 4163 -3289 -25605 -4359 1151 29514 -3444 33217 -22973 29267 10896 -22898 7826 17778 
-28775 40684 -16883 -14124 12873 -24037 -2250 10522 15975 -31955 5601 -2655 11513 5080 8551 -25653 -5069 -15007 -20206 -8387 -23877 37 13750 16203 22858 
-5913 2558 29457 -17691 -4247 575 2674 -6368 -7096 -14245 -5279 10025 13355 18524 -8601 -1873 11294 -41865 22308 -9689 2156 -21088 3855 -12748 8179 
7842 28387 27518 -27865 13712 -17771 26375 7963 -3554 9645 -14152 -20965 8618 -9550 33212 -4394 22161 6653 -1177 -1173 2893 -4686 -27571 8634 4794 
-32329 -734 -14488 -17734 -5856 -929 -26766 -15493 5803 -3059 -19801 12269 -3715 -16791 11880 -13311 1783 5776 951 23231 16235 8395 -9291 -3105 30086 
11199 -2685 32688 8447 18270 22336 18642 8500 45499 20695 10106 -2214 4289 -25944 6644 -10924 26364 -7352 -25987 -8377 4813 14358 5585 2783 -516 
