41 -6 81 -66 35 -100 38 -53 -34 -48 87 -25 84 55 -2 97 75 82 100 25 95 -28 4 93 -7 -43 78 -73 -54 16 18 24 44 -81 35 -3 -16 1 -47 15 -36 77 -11 1 -13 -31 2 99 94 80 18 10 -76 -76 84 -87 -23 -10 72 29 18 -100 -97 -62 27 52 12 31 -89 -22 -51 98 87 -60 -73 -2 18 -19 -39 25 2 -2 -73 18 60 -72 -15 5 41 -17 -38 -25 5 -93 77 93 94 -40 26 -51 
-49 -47 73 -1 52 -41 -40 61 18 55 -6 62 23 -54 52 46 94 8 -70 -22 40 -27 -58 69 5 76 78 -31 51 -23 90 31 45 83 68 96 -95 -48 58 42 -94 94 -66 95 59 -11 75 -14 53 -94 -62 12 80 13 37 93 78 -31 30 3 7 -25 48 99 -58 -98 -99 79 26 67 -6 36 89 -19 -21 31 91 -72 98 15 19 -91 84 -79 96 72 78 -31 98 23 -81 -56 95 5 -61 74 -91 -77 -51 26 
-25 -32 29 -35 -51 -55 -4 1 -19 -19 20 9 -47 61 -23 -50 15 63 -26 -29 -26 -59 -64 3 59 41 -13 35 80 -22 -95 3 56 47 81 75 -82 75 27 88 85 -3 89 -32 -58 -11 -91 -79 83 12 24 -75 -71 30 93 -24 94 -80 50 4 -43 -21 55 -67 71 99 -34 5 29 95 -48 -21 -55 -73 -86 71 -34 92 -2 17 -19 1 -5 94 15 19 -31 98 98 85 9 52 -42 67 77 53 3 42 -77 56 
-62 69 45 -40 -69 -51 -60 4 37 -81 52 -27 47 12 -50 -78 60 -12 -68 -24 -59 44 -48 17 2 59 -23 -92 27 -57 -63 -88 -51 -94 4 -2 -81 17 -37 -50 -46 -76 -92 48 -60 50 -17 30 -46 -54 67 5 -44 14 80 97 26 38 23 -17 -68 24 -14 59 -34 12 71 -43 -2 8 80 -4 21 6 -9 14 -100 94 33 100 80 77 -19 -92 -93 49 48 17 28 38 -89 64 87 12 71 72 43 -57 47 65 
53 -17 100 5 57 -91 -71 -59 3 -6 -63 -45 61 -9 56 -42 75 -15 31 71 -33 86 49 -17 -44 -76 -22 -27 -87 16 -57 62 29 85 -87 -10 -21 -45 -59 -76 -59 24 57 23 -13 -33 -37 67 -96 -71 45 -94 68 70 5 51 -36 -93 -79 -54 -64 90 61 -86 20 -14 62 42 -93 64 -45 -60 80 31 -50 -70 -45 -75 -77 60 -58 -38 -30 92 79 13 59 88 -21 44 91 88 -83 -78 40 47 -54 73 84 -76 
87 -11 58 -26 16 37 7 -18 -54 51 -42 -66 42 98 90 -55 -77 -38 75 -28 72 91 -29 21 2 34 0 60 -15 31 -42 52 -71 -78 40 57 -53 -21 89 -6 -74 0 -48 29 -17 -95 -42 -31 -8 99 1 3 14 85 35 67 -4 -96 9 -4 -34 73 -1 1 76 -1 -34 75 85 -21 53 -92 -34 70 11 -37 -47 49 -43 -19 -62 -66 -91 40 -74 54 75 -79 98 -99 -9 -39 -89 86 -45 -64 72 54 81 12 
-41 88 53 48 3 100 38 -79 -78 -81 43 -67 -2 30 -15 -67 18 -43 71 64 -14 47 52 48 -58 -43 84 -89 -74 88 49 90 31 11 -48 4 -79 -43 -17 14 -52 -92 71 35 -43 59 84 -62 -55 -25 45 -24 -26 4 11 -32 -54 -82 -20 -86 -30 96 99 -55 96 70 47 61 14 80 25 -28 -77 52 95 -3 60 47 75 -14 57 57 -51 -11 -26 -94 58 78 86 96 -41 -82 -37 12 56 10 20 90 -52 -11 
-35 3 -89 74 -33 21 -26 -39 -80 19 66 62 92 58 64 -83 25 -60 -90 61 23 -42 -44 -68 72 -67 41 -48 38 -6 -86 -18 43 -17 -75 64 -98 -59 90 -20 5 -55 -6 72 79 52 -26 60 -31 -91 -90 -66 16 -94 -13 39 41 -56 -49 -79 -43 28 -90 87 -77 -30 48 80 10 -63 -99 -28 10 9 39 -63 -94 36 85 -23 82 100 51 21 29 77 99 -89 93 22 -52 21 -95 83 14 -19 -30 81 82 6 
-60 73 -7 3 -73 63 26 21 -9 71 33 90 -20 -13 -62 85 -46 38 -55 75 0 -46 -64 82 -26 -20 30 35 -2 -43 -42 -58 -77 62 -17 50 -28 -15 -8 25 -48 22 -87 96 -13 -76 -12 -39 59 27 95 28 46 -23 -96 33 100 -22 -43 -51 10 86 77 61 47 30 56 -47 51 -24 -99 54 -1 32 1 -48 39 4 44 26 39 78 24 -6 -85 -92 5 81 -91 -50 51 17 -14 -83 -7 -43 16 -8 -9 30 
94 43 -77 16 -63 67 45 -22 -17 74 -60 12 92 -94 -88 -3 -34 -66 58 65 98 69 46 -60 -78 86 -85 100 -65 53 86 70 60 61 -81 86 -78 79 -95 -97 55 -79 -27 -4 98 18 89 -62 -78 79 32 -54 -96 -45 -69 91 -15 14 -51 -86 80 -65 -18 -48 43 5 -62 4 10 25 -83 -27 48 -5 -15 10 95 32 -63 -50 33 -97 100 49 40 -28 -48 -21 -12 76 76 8 -13 76 6 7 -76 93 -1 86 
-3 79 36 -87 -27 -7 39 12 20 23 38 16 -38 49 -44 96 -13 -10 -70 -89 71 -44 -52 36 24 39 -57 -6 -39 74 100 17 -87 -3 -51 -100 -25 -3 -76 -8 100 65 85 71 33 -5 -33 61 -17 60 -97 57 61 -73 -79 -52 -46 -73 -94 93 50 -53 64 -57 22 -88 49 -1 81 56 -52 -8 -96 -9 -83 -13 -55 -64 0 -86 71 -80 -40 57 43 -20 21 -63 -64 91 -3 -33 -15 -51 54 94 69 -58 -31 -8 
71 -40 91 68 39 -80 -19 41 -51 -11 32 -7 -67 44 2 12 81 33 -57 16 -63 -60 29 64 65 60 -31 -28 -59 77 62 65 -6 56 -36 -19 -7 29 25 -97 -43 -45 -49 68 2 -90 -14 56 -71 45 42 10 18 2 23 -7 42 45 17 -62 -53 -41 -3 90 88 69 -39 37 -37 100 93 78 57 93 26 -95 21 -72 -20 -17 19 3 18 40 -53 -12 75 1 56 -4 87 -83 60 24 18 -64 -20 -49 48 -96 
55 60 94 42 -70 79 -29 58 88 -58 44 68 -37 31 2 -95 32 -14 22 20 -10 -49 -91 -94 -25 96 -33 11 -85 -8 -93 20 -77 71 -44 -37 70 15 -55 -73 -86 27 -94 82 53 -61 2 30 -29 95 -89 -52 -93 94 -99 70 -9 -45 -31 27 47 17 5 -78 4 18 -77 -16 80 40 18 -12 87 62 53 40 9 -48 -61 -2 88 33 33 2 24 76 -83 72 -63 -99 -79 -49 -54 -9 -59 -52 -2 91 17 -66 
68 83 -27 -89 87 -44 -99 39 -15 -44 6 78 -8 11 -28 -2 -28 -13 -35 -14 15 91 57 -82 -84 81 94 81 -42 49 -39 -46 4 16 -75 -20 21 2 54 -91 -17 -67 -79 -98 68 -50 -78 -67 28 86 -58 77 -47 -43 -42 20 -85 24 -89 -40 12 93 -57 87 44 -37 10 -43 8 41 -64 -35 -72 77 -39 -98 5 -79 18 38 58 88 42 -9 -32 68 -70 34 -93 26 -7 50 93 -96 -16 -33 51 64 -42 46 
-63 -76 -88 12 16 44 20 -54 -37 -6 -50 -27 -66 11 39 -42 40 89 -14 95 36 88 63 -48 -8 45 -91 55 -90 -25 -90 -99 14 69 33 64 -20 22 -4 39 -32 -96 -6 -77 -98 7 -87 -9 84 93 4 -36 -50 -8 -85 98 -16 61 99 -95 -65 36 -89 -32 91 -23 -75 88 64 -56 -58 -55 41 21 -78 -67 43 70 81 21 96 -31 89 -75 62 -19 -80 28 -68 -34 -5 68 -72 -93 -75 -45 -11 -52 67 -75 
-89 -13 27 19 -34 -3 -99 -32 -75 -83 -39 -63 87 -76 77 -2 -88 -4 -33 23 -17 -57 -95 8 51 -83 -43 35 49 86 -13 76 -84 -18 -70 -72 73 94 25 43 -4 90 -43 31 -90 51 -58 66 50 92 -100 10 -100 -35 -87 -22 67 -44 -49 73 8 45 -79 -63 52 -36 72 -95 -44 -94 -6 31 -62 5 70 -65 57 -77 -6 31 -85 3 24 -76 17 -51 32 73 -11 -56 -23 98 95 58 19 -2 -57 -20 70 -99 
6 -57 -23 -36 48 95 -3 -42 70 -40 29 -11 -51 10 40 -74 46 -30 -74 54 -42 55 -89 99 -78 87 -96 -42 96 89 -19 -92 -86 -90 0 50 -25 -97 -32 -5 -65 84 91 -21 -52 -74 22 -14 39 35 -44 69 -33 95 46 -63 -47 -86 71 -55 -48 34 -13 -38 -87 81 0 -49 -57 18 -43 18 -57 94 58 95 -59 21 -29 67 -88 -7 22 -91 7 -100 64 -56 95 10 -85 -65 2 99 96 -16 81 85 -68 56 
-16 -52 -23 -84 65 -61 85 -72 -30 96 -85 89 -76 64 32 -45 -29 14 22 -85 -8 -70 71 87 -49 -51 -49 27 -45 30 28 -65 -8 -17 94 -63 -87 36 -13 -78 99 84 26 -10 65 47 -53 -98 30 -12 39 6 8 -100 -41 85 20 30 -81 76 91 89 84 -41 60 -83 -54 29 -76 9 -69 36 -16 3 -49 79 -41 90 14 38 -59 24 -12 -27 -37 43 63 88 -97 26 80 97 -71 -95 88 -53 64 70 81 -44 
-12 -77 40 91 -60 -79 -4 1 -17 54 -87 67 -77 -74 -97 -25 -77 39 -84 15 30 31 55 -34 69 100 81 -79 15 -10 30 26 40 -8 19 -6 -1 87 34 -76 -12 -46 -95 66 -94 -45 -70 -87 -35 -10 -34 4 17 97 -8 -32 -41 69 85 75 69 24 1 -62 -62 8 -98 73 -57 -39 -16 -36 94 63 -66 45 32 74 35 31 100 -87 31 -18 40 -72 -41 7 76 42 -47 68 33 8 58 83 100 40 -64 -44 
-44 55 75 -20 -9 46 62 -86 49 79 -36 1 -77 94 61 -5 -60 66 24 66 2 -14 -84 -24 48 59 70 80 33 -52 -19 -58 21 54 45 -25 -19 90 76 39 15 7 33 89 44 -81 -50 54 60 25 -34 -77 -71 77 8 -40 84 -27 73 -39 -86 -2 62 93 7 72 -55 -63 -52 85 32 16 40 -33 -74 -65 -59 13 46 54 8 39 40 -61 83 -23 59 -4 -8 21 -39 -100 -16 85 0 1 18 52 -38 -66 
38 -42 89 3 -99 -22 24 -58 -51 -16 38 22 41 93 46 25 -100 78 -53 34 -42 1 7 58 62 -23 -94 -99 53 -19 87 47 11 40 -3 19 -40 -55 -81 -64 -57 91 91 71 -41 -18 -26 31 98 82 -34 34 -45 -42 31 -89 20 -75 -50 57 73 -4 30 97 -55 11 49 81 -73 -36 23 5 21 -89 -72 -89 76 -77 -89 40 -75 27 -59 -21 7 2 34 84 71 -47 74 73 9 -51 27 2 -77 -36 -56 -74 
-88 71 10 48 76 -18 83 -23 51 55 72 -35 85 27 36 91 -5 89 97 69 -93 -25 -90 -55 85 60 12 58 49 -57 41 -16 55 40 55 -87 -23 42 -85 37 26 86 72 100 36 48 -90 -10 -73 -21 -65 27 -59 -78 100 63 -12 75 45 43 -10 36 -81 23 66 -92 -35 93 24 75 -9 -79 -56 98 -75 -45 18 -52 -88 -4 -28 -33 24 61 -83 98 34 -58 -28 -73 -16 47 -26 57 44 -5 -55 10 -31 -1 
-31 42 4 31 30 -69 23 77 -44 -12 3 34 -57 -85 36 -64 91 -75 45 5 -48 -16 92 -51 94 -95 54 33 -32 -9 -96 -30 25 -24 -89 -89 29 57 7 23 -34 41 -30 -15 -79 56 35 -66 10 23 -56 47 46 34 6 10 -3 -16 -82 50 3 96 -34 63 -82 -75 36 -78 -9 -62 -93 -2 65 84 75 57 40 -29 -88 21 98 33 -85 30 4 44 -14 -2 -2 -95 18 -34 26 -20 28 88 -47 72 93 -44 
-95 0 -43 -53 -76 48 34 23 -46 54 3 -20 42 -16 97 93 -4 -65 65 50 91 -53 91 31 -65 54 35 -60 -26 -22 20 96 -90 -6 -36 83 -45 20 10 -9 -73 30 -87 -79 27 77 89 -70 84 -70 67 -90 57 28 52 56 27 -25 9 49 83 8 -99 -38 -5 69 -37 8 -75 -38 -82 -77 -25 -18 93 -80 -46 -92 -51 -31 9 11 -26 37 -14 3 5 31 -52 -91 -89 32 -36 92 -31 52 -72 -57 100 -89 
-57 -76 -36 36 -19 2 -26 -57 -38 -51 -6 -87 -77 -100 35 71 13 -19 27 -33 -86 -38 -77 83 -22 -50 -17 -21 -82 54 -59 67 42 -75 -87 -74 -3 -4 -9 -93 -35 -65 45 89 22 71 -87 -25 91 1 4 -71 58 55 -14 89 60 -23 49 47 83 -95 -39 -44 -42 -30 64 54 -17 53 -44 74 38 82 29 -1 -9 -77 -2 94 -86 59 -27 44 20 88 -98 -25 -48 -1 -43 29 100 26 -90 16 16 -7 -92 55 
-44 17 17 -90 59 -33 70 -16 -80 -61 -62 37 75 87 41 -6 -96 10 92 43 72 -32 74 -85 -29 80 -3 9 64 -16 -49 -25 -32 -12 0 -97 -94 -93 58 -85 -66 -89 -21 50 67 -22 63 100 -66 61 51 -89 -48 -62 31 70 -3 -3 12 32 -40 -52 -1 -68 -73 51 42 12 -48 13 52 34 -2 16 52 -87 -18 -83 -47 40 -67 13 88 -82 -70 75 -93 -85 28 -72 34 -2 35 71 -37 -99 -6 43 55 69 
31 -12 94 90 -35 38 24 -24 3 -95 19 -12 -3 36 -20 61 -59 -51 -67 -72 -3 -40 -90 60 43 68 -84 17 -52 -77 48 78 -84 -11 64 -45 85 -98 98 -54 -100 -92 1 -98 1 -43 66 -28 32 -24 58 67 46 -31 89 59 79 -69 10 -30 93 -79 -25 32 2 -50 91 -90 30 -96 57 80 85 -75 -61 -47 -44 86 -75 26 25 2 80 -36 -12 -12 -62 43 66 -30 -36 36 3 5 -18 94 16 34 -69 -24 
55 -24 -24 55 -58 -53 -14 72 35 25 72 21 -66 -74 2 -49 -67 52 -4 -80 47 -77 -68 56 -26 72 -4 -52 52 -89 -42 -79 74 28 65 -62 62 62 -69 90 51 -7 -6 58 73 -10 -31 -93 2 38 18 79 -74 75 62 27 74 46 -9 51 -75 52 -59 -53 24 -86 64 -96 -37 57 -88 -92 48 -7 -65 -86 -8 6 -87 23 94 -9 92 14 28 -43 22 58 2 -9 13 99 16 -23 -78 -15 48 -89 -25 -43 
-84 56 86 -89 55 84 65 85 -25 -53 72 -20 -16 -56 96 -93 -12 -21 -99 79 75 28 60 56 16 13 -71 -45 93 19 98 24 -90 -57 -21 -20 -42 25 -49 53 26 -9 41 -24 -13 -77 -68 45 70 -83 -79 75 -15 1 -17 -31 -77 52 7 -48 -75 48 36 37 29 -30 65 78 -70 -44 16 -67 -67 60 78 54 85 93 -43 82 89 82 1 9 -76 69 88 2 -77 -2 2 -79 39 87 -58 -78 -81 -88 -50 -99 
44 -67 -83 41 -92 73 -52 -91 -31 -21 29 -75 76 -5 -100 -84 -43 85 25 -6 6 -43 51 35 4 -4 -86 -66 -73 79 7 74 -31 63 63 40 -74 42 -12 -13 -66 -58 50 2 -84 53 9 -32 -22 18 20 -22 81 38 -64 -99 68 47 58 -93 79 71 -72 2 78 10 73 41 23 -88 -57 -22 22 83 -83 53 -100 3 19 -88 87 -4 84 -9 -60 -100 -30 10 12 -95 -3 46 -4 -50 -87 -59 -63 0 93 -91 
95 -65 75 -51 75 -62 62 68 5 -64 -74 -50 52 -48 -10 -96 87 -54 20 -84 -33 92 -85 17 -32 45 -53 81 -85 -76 98 60 -43 7 -36 17 -53 -70 38 16 -41 12 87 29 -94 13 5 -16 38 41 70 -89 -88 71 -42 -9 -58 92 26 -42 28 -62 51 -26 38 -90 38 55 94 -57 -57 -52 -31 -98 37 31 1 -82 -1 28 -83 56 85 36 94 -12 50 -7 -82 -29 51 -25 -66 3 68 24 -45 -33 -31 77 
-11 24 -2 19 19 -84 82 33 -30 -78 -84 -58 4 -72 61 -4 68 55 -41 -89 -19 -43 -68 33 -12 67 24 -58 9 -1 91 2 58 -44 37 70 29 23 62 74 40 -72 -8 31 -63 -60 94 41 92 69 -10 23 -66 -40 34 23 -55 79 75 -44 54 52 -91 -96 18 -21 -4 -37 -38 41 -15 86 -97 50 -23 59 38 27 -24 -71 -62 -23 64 -32 62 68 87 -5 -38 99 -67 -76 -86 -25 85 87 -44 88 91 -95 
57 -44 -15 96 -73 -18 -96 -72 -86 -68 -56 -49 57 -35 73 46 12 23 36 -18 -39 -16 15 -92 -84 69 -42 5 78 -71 0 -84 -94 -67 -21 -46 69 17 39 -63 81 35 -3 -50 8 -6 63 38 52 82 -69 -89 -86 -19 -23 84 -60 87 26 33 -64 -62 33 90 -49 -23 -73 -59 84 93 54 -54 -73 -6 20 95 -80 -10 -50 -20 -27 -24 56 29 80 -11 -34 86 56 -7 89 97 62 -21 -69 36 38 80 81 1 
-49 40 -91 28 46 -27 -89 65 -54 81 73 73 -19 -44 15 53 -38 -72 -13 -8 -41 54 -71 49 -45 31 41 91 -36 17 10 -64 49 -90 41 77 -90 -13 -58 70 -29 -16 -71 -9 -78 44 84 -87 73 -37 93 -87 82 -20 -96 50 77 -19 32 43 79 -79 -20 -14 53 -55 64 64 67 31 63 31 -19 -96 -38 86 -78 40 59 70 71 -37 28 -39 93 99 46 -40 -69 -52 -30 -79 -14 23 -20 -33 -4 49 -22 -56 
72 -22 27 14 -45 37 21 -11 -12 65 63 17 -86 49 -35 -72 82 -85 -72 29 100 -67 -86 -68 -52 -22 -94 50 54 8 -96 44 28 17 29 -45 -5 -59 83 62 -78 -2 55 -67 15 32 35 6 51 59 -36 -43 71 -71 21 86 -44 70 36 87 88 19 43 -22 25 98 65 -46 -5 -76 34 -2 -24 22 -54 -53 18 -31 -46 -39 82 -21 81 94 100 -48 -14 -60 99 75 76 41 -4 -28 -91 -90 48 -96 84 40 
94 21 9 65 -61 27 69 89 20 -93 68 56 -37 -31 -29 44 -42 92 80 -40 -91 -71 -17 6 -54 -7 12 -33 97 11 -86 -32 -98 -9 29 16 -77 66 -64 49 -43 60 0 -51 -9 -63 -24 -29 41 65 -95 -69 -12 -54 41 71 17 -47 95 22 -42 28 -67 3 -91 -95 95 48 92 -88 -46 -46 0 67 -70 27 67 24 -91 62 -95 15 92 -2 -22 -13 -53 -13 -44 78 21 -14 -21 73 -97 -25 -74 75 -6 32 
-15 -83 70 69 -63 14 -66 17 2 -11 -73 76 -95 -42 27 -70 -57 80 55 -24 74 -36 4 -60 -58 -12 100 17 -84 -77 75 2 79 -56 -43 -66 85 100 -62 48 -17 49 -73 54 25 63 43 -83 -39 21 -33 39 23 61 55 -74 89 27 41 93 55 45 11 -18 -50 -65 -77 13 28 27 -77 -79 -89 74 -84 13 -24 21 -16 69 19 55 -57 -16 60 -94 -38 27 -16 47 -21 -84 97 -81 57 -88 59 20 -2 -43 
-67 -36 4 93 29 -91 -20 -59 -81 -14 21 -29 -10 35 -26 -87 11 -11 21 93 40 7 -18 -48 -29 -81 -87 -41 93 -24 29 -64 -95 -35 -50 -84 74 -35 20 -46 26 15 32 -65 79 -4 -94 -65 -48 82 -80 52 -61 -23 43 50 53 50 -52 -52 -91 -82 -17 22 -21 88 82 76 10 -66 -19 84 -54 -11 -73 -52 36 66 41 -18 28 67 65 81 -40 95 -51 -35 20 94 -93 -42 -13 -19 68 -82 -66 -96 -9 -24 
-11 50 -58 45 22 -7 42 -76 -39 35 -32 -30 -83 -89 -79 62 -88 -7 -82 -50 42 32 7 64 -98 12 -98 -30 -57 31 85 76 -27 77 -20 -97 43 -69 34 -69 -97 92 -15 10 34 -24 20 -55 91 -70 -60 -48 50 11 91 -46 -17 41 -86 -61 -34 52 60 95 -55 -37 84 -100 -95 71 6 50 14 33 -99 -69 48 -40 74 77 18 96 48 -12 81 -88 -16 21 33 12 94 85 -49 53 86 16 78 31 94 22 
-77 41 -88 -39 -98 99 -44 34 7 21 79 -87 50 -69 8 -62 -46 -83 94 66 -99 20 -23 12 -39 28 52 -51 -76 29 18 78 50 -11 84 -13 82 -25 94 95 -56 -61 63 93 -92 -35 -93 -100 -39 48 30 -16 69 -67 48 56 27 7 -100 -17 79 80 -13 -41 63 26 -94 79 -34 -12 -6 -41 -95 5 7 -22 -30 -61 -17 29 94 -49 57 -17 -32 -27 40 46 -23 -50 18 55 81 38 77 -74 47 47 -58 -79 
9 -46 -92 -69 67 -46 -82 -42 -21 -51 -88 64 -61 61 -9 -9 56 87 47 -64 -47 81 99 -16 -16 8 7 6 37 -65 25 43 -72 16 -24 -25 59 -68 33 99 -85 57 -43 70 21 -34 50 4 -2 -69 -77 99 14 3 43 -32 -12 56 18 50 -40 -63 -99 -35 -31 79 65 55 72 74 -16 -37 -29 -51 32 85 -51 10 -27 -79 -94 6 -82 -100 -43 -71 -37 27 39 -5 -38 -19 -53 -62 23 -52 76 -73 40 45 
-96 58 -55 42 53 -58 30 86 92 3 25 51 33 -63 -26 -71 -26 -55 64 86 -25 94 -69 -27 29 92 -55 -58 13 -31 96 -27 40 -20 5 25 -92 -22 59 77 16 47 14 0 72 70 -21 -74 91 -12 -55 -58 54 -24 -8 -9 49 64 -22 -67 31 40 66 -67 53 -96 -82 68 30 73 -92 55 -72 12 -74 54 64 -15 -3 -81 46 18 86 -87 58 -76 -29 -53 -70 57 -81 100 -92 -45 -32 -80 -40 63 -69 -66 
-77 63 99 25 -54 57 -56 20 -31 -50 -86 61 -16 -100 63 53 60 17 -68 -46 97 63 23 -3 -1 -57 -63 -96 -36 34 -81 -79 69 -29 1 56 31 -80 50 -26 -73 25 -88 -100 -86 -9 24 52 -77 93 -79 -81 60 47 66 -82 63 72 -43 45 -82 43 -52 -100 -62 -47 -100 -65 42 34 -14 54 21 47 -22 -12 -56 -26 -3 5 -7 16 49 54 -71 59 -15 -63 -79 -72 13 42 -34 88 43 -11 67 75 -85 -48 
-99 -89 -55 18 68 43 39 -77 89 -55 -36 32 -27 8 -40 41 -33 -87 56 -50 85 6 -57 32 -18 -65 6 50 -66 -92 26 -83 -58 -32 38 44 -94 -93 -92 -40 64 -93 -6 -83 48 79 66 35 41 -40 -90 -20 -91 35 7 -19 -26 -40 44 100 -16 -100 -56 82 -20 -85 11 95 -68 -54 90 36 -75 99 86 -3 95 -31 37 -52 -67 -52 -83 89 18 63 68 -5 58 81 38 40 -89 85 -91 -4 4 -23 12 -66 
-58 83 86 94 21 -80 -52 59 62 -52 -68 32 98 64 -44 90 -38 99 82 -37 95 -57 10 -17 61 94 79 9 32 -74 33 53 22 -34 75 47 -46 -64 -87 50 -90 93 -20 100 -40 -28 9 12 -35 81 -14 74 -6 58 96 11 -75 21 -80 -25 -13 -39 -43 -53 -17 -17 -28 -50 -100 -37 28 -35 -70 20 45 82 -69 100 0 -8 4 92 75 -89 34 -15 -79 24 -44 51 21 32 70 40 -74 -49 51 -28 41 -86 
-46 -42 -87 76 12 85 56 -74 -95 60 100 8 62 -40 15 58 89 -6 -80 -1 93 4 -80 -16 -93 17 -32 -100 9 -19 -16 4 100 27 81 51 -72 20 80 -80 -78 -9 -49 -49 -10 -53 -76 34 -18 92 -98 -65 63 -88 -50 42 44 10 -41 -76 83 -83 39 -3 17 26 86 55 -92 -46 -11 18 -10 -50 21 -11 6 -93 -65 51 43 -79 -45 17 82 -7 61 7 -82 87 33 -2 89 -41 -49 -64 -94 -66 -46 -97 
-17 97 63 -90 -10 -46 -100 20 34 86 75 25 35 31 -46 -45 28 43 -100 -49 -47 7 27 18 -24 98 73 100 -47 65 -63 -3 -46 68 87 -68 57 40 57 -46 66 -38 66 18 24 69 84 -27 -92 5 90 41 46 -28 96 23 61 -60 -84 -69 -36 86 -83 -88 31 -24 9 -68 85 42 76 12 16 44 -27 -73 -2 43 -86 19 23 -34 45 -56 36 -40 -92 72 -60 81 54 82 7 88 -66 13 23 69 -48 0 
-29 -63 -45 20 -8 -36 51 98 -51 -97 -50 -23 -83 8 72 41 -55 -63 -4 93 83 90 78 -96 23 15 -74 -49 89 67 24 33 -58 5 -36 -33 5 0 92 -22 20 32 26 69 26 11 48 62 -88 -29 3 -46 85 -5 70 -67 1 3 63 5 47 88 60 -9 -34 -57 -15 -40 44 31 -60 -90 65 67 7 -28 -97 -35 20 9 2 -1 -73 80 -65 -21 31 84 7 61 -1 33 73 34 -13 -62 48 -82 97 64 
-33 59 -86 41 -31 -43 40 -51 20 72 -31 84 4 85 -16 -22 -59 96 70 94 -79 -28 40 22 -45 98 8 81 -58 -21 81 0 -42 -70 -73 -43 25 -18 -4 -70 -31 44 -18 23 46 78 13 46 -9 55 -19 63 19 22 -78 -41 -50 80 49 -60 26 -86 13 -98 -83 -92 -92 -95 13 -8 -76 28 75 88 -49 -85 94 78 37 68 73 -86 -22 -65 57 58 -24 -20 -74 -2 54 21 -52 35 -83 -46 86 -79 -62 19 
26 83 -94 -56 58 -41 35 -31 -87 65 0 -29 57 41 85 -77 -68 64 95 -47 39 -83 -86 39 -66 52 63 2 79 -79 60 12 32 7 24 75 89 -80 87 -81 -35 92 -36 -52 21 -67 69 56 -74 -47 -52 28 -91 -81 -48 73 34 58 50 -28 88 75 -22 -12 10 -35 50 54 88 21 30 15 64 -7 -46 -42 23 44 -81 66 77 39 48 -74 6 -18 -97 52 32 -57 56 -22 -65 -48 54 -46 -13 -33 -15 28 
-2 81 -49 -76 87 69 -38 -30 -6 16 24 79 91 38 -2 3 -27 2 -93 -9 83 -98 50 98 68 -99 73 63 -70 60 -40 63 68 -71 41 77 -44 92 -57 -68 -60 -63 -55 -18 -52 40 -40 56 73 -66 52 -85 74 -62 -85 8 95 100 28 -25 43 -39 4 78 50 15 -35 90 -5 -86 62 31 -86 -75 7 -99 51 35 8 75 -52 89 -69 94 -54 15 59 80 -11 55 -56 -73 -90 27 -72 -58 -53 8 -24 55 
24 -45 -35 -88 28 -54 -73 87 49 69 13 71 76 47 25 60 -61 -88 91 80 65 -53 -87 -6 12 84 19 -32 -65 -63 -89 -53 -98 -34 -56 -91 61 -26 -70 -46 -7 -62 -42 56 -95 56 -85 76 -95 66 27 -19 -78 -67 11 23 -99 -58 11 -62 -34 100 86 73 49 48 40 -36 -44 -46 -55 58 19 57 39 73 -1 -9 -36 -15 40 -36 5 67 7 -58 54 -54 47 47 -75 89 54 -63 52 59 -27 -70 39 35 
-56 48 0 99 -58 67 76 -45 -27 -55 -96 93 99 -65 -62 -30 87 68 29 79 -53 71 74 -47 -21 -8 24 -63 14 -74 -45 -11 -39 -12 42 -84 28 31 25 -21 75 -33 95 -63 -57 98 62 52 -71 70 93 97 -95 -13 -52 84 44 95 -97 -7 16 0 47 75 -74 -66 28 90 35 69 -20 100 -89 -10 83 16 83 82 92 77 77 73 78 35 65 26 -43 31 13 -62 42 96 -5 88 -15 81 15 61 -54 -99 
20 65 -43 84 -77 7 21 23 55 -81 -53 -54 19 -9 24 -58 11 6 -90 -30 62 -92 23 43 74 25 23 20 10 18 77 -14 97 -54 -39 -25 4 -34 -3 -37 -96 -80 92 84 62 87 38 -38 -38 62 -30 16 -2 20 -15 -66 -16 -94 55 -41 -84 63 51 -33 -25 11 -92 -84 -18 -57 47 -83 -7 98 -64 73 46 65 -66 9 82 -73 49 -45 -67 56 88 -94 -57 59 -11 -33 4 -98 82 -63 -54 30 55 -76 
-48 91 69 0 57 -27 -14 95 -40 -80 88 1 -91 93 40 -80 -47 29 25 39 13 -74 -39 69 -87 -95 49 -3 58 16 -90 -13 -53 12 46 54 74 22 50 -25 94 -98 -89 -62 -77 70 -13 47 -65 -73 -93 -44 82 77 53 -33 70 3 28 -99 80 10 93 -88 60 96 -99 -59 -96 -52 -11 -80 19 -44 -36 6 58 -96 69 -39 -92 -50 47 -20 -3 57 -72 -12 -9 -60 -30 -69 -24 38 -97 -66 74 75 -54 55 
24 -77 -76 16 96 -34 6 14 26 27 63 31 -53 -20 5 89 25 -97 9 5 47 -27 -46 -33 -35 78 99 -96 -59 35 -84 -61 33 -35 77 -74 18 23 -16 -81 -89 -51 -99 17 80 -64 9 -86 -64 10 -27 -30 69 12 -93 -36 -86 86 -12 65 97 56 -81 -72 98 -16 23 -50 -14 -74 -82 -5 8 90 20 69 -28 12 65 -47 -71 10 -38 57 35 -24 43 43 76 14 24 -73 11 -73 7 -12 67 82 -33 -42 
-81 -18 -67 34 17 -22 -61 44 -62 -96 99 57 -53 44 -18 -65 -66 -14 19 -54 53 -87 -46 -82 52 -53 87 78 84 -38 36 29 72 69 -8 -42 -25 -31 -30 4 -91 -70 98 13 90 13 83 47 25 -78 45 66 34 -70 87 -39 -38 -47 81 79 -43 -70 -32 -43 72 53 -67 83 -71 -5 49 -25 28 68 -21 21 10 -100 -65 35 -36 84 -30 -32 -98 8 -77 -27 92 39 -57 91 77 1 -83 -79 1 -62 -78 -70 
-66 -50 18 -83 13 34 46 83 -13 -60 53 59 -52 56 -44 20 -52 96 17 -97 -15 85 56 -60 26 -65 -74 33 24 68 9 -96 -83 13 -2 94 62 35 -6 43 -73 65 81 -80 40 -71 61 -5 -64 30 12 75 -23 -53 8 -72 -53 -6 40 2 -19 -50 73 -10 -97 -54 82 0 -50 -38 -48 26 -76 -94 90 -57 55 -21 91 -95 -3 -21 -54 73 -41 12 43 61 99 4 -29 -85 -37 -87 -39 -76 -8 83 70 87 
12 9 20 -96 10 -60 -6 -11 -8 -96 -86 -43 0 4 71 -85 18 -53 59 -16 67 -76 62 -3 -97 82 -47 30 -3 -68 -15 29 -86 99 -99 72 -56 -33 -4 5 29 -33 21 9 78 -59 1 -8 -19 -34 -94 61 42 0 17 -73 68 10 88 -86 -63 -27 -38 33 52 79 -79 -89 -59 -38 -60 62 -85 92 16 -96 -35 -13 -25 13 76 -78 81 26 57 70 -13 46 27 -19 15 19 18 16 59 35 -85 -84 79 -27 
46 -55 -54 -90 -87 -94 -10 -79 5 73 -57 -49 42 46 91 -98 46 -93 37 12 42 -46 -66 -90 46 66 16 71 95 66 67 -84 62 -76 86 11 -48 43 -43 -58 -77 -27 8 -4 -23 -61 52 10 31 48 -80 -63 79 58 38 18 0 95 -50 -54 -29 -27 39 8 -97 -58 -78 -36 -24 93 26 26 -30 -49 46 -73 -67 75 -39 73 25 -67 -89 -74 -18 -37 -61 1 -57 30 -66 -90 -46 24 -88 -53 77 -90 12 -8 
73 78 -98 -87 25 -54 -34 76 41 35 89 11 -12 100 72 -5 76 -22 40 -98 51 8 -11 6 -35 -47 -72 71 47 58 50 91 -52 92 -11 54 -61 -61 100 53 -47 7 -17 84 -36 17 -23 -75 -36 -69 -5 13 -85 -64 15 21 -95 -44 -80 72 -55 -64 77 53 98 -64 37 -76 -53 13 -97 98 -51 57 82 -22 10 -85 20 -57 -23 27 -68 54 -85 -34 -24 -11 -44 -24 63 97 -76 93 -58 -16 -25 -62 98 -12 
-65 15 85 -15 -67 12 18 51 -22 -63 2 -18 -40 97 -25 29 89 -16 48 89 -93 -16 42 -64 34 67 -94 -42 83 -45 -64 -83 -97 6 -88 51 -65 -28 17 -49 -92 26 -47 -31 45 -78 52 74 -28 -6 91 57 -31 -71 16 79 -46 30 72 -22 96 63 -96 61 91 92 -18 -79 58 24 99 -46 -63 5 91 -94 34 1 13 50 33 -74 -73 45 92 -19 20 -86 -97 -70 62 20 -83 -100 51 -95 75 -94 95 57 
-13 20 28 24 100 -29 90 -68 14 -17 94 -49 -58 19 -25 23 47 -70 -12 -17 -67 -76 -43 80 -65 82 -83 -23 20 -90 29 16 97 26 -3 72 -32 33 77 -6 68 -25 -33 -62 -38 57 64 -39 6 25 -2 86 -11 47 -45 -47 86 95 90 93 -94 -39 64 4 -22 29 68 99 12 75 11 -78 -98 17 -35 100 -24 38 60 -72 -30 -8 89 59 18 51 80 -85 3 -16 -59 98 -60 -95 21 65 -26 47 -38 -80 
-40 61 -25 -93 -1 -44 51 -11 -24 5 95 88 -29 -47 76 17 52 -14 100 -92 -78 -49 -54 -89 72 85 -7 -14 -11 -28 44 -89 70 51 87 -34 -5 -11 -27 25 -80 -94 50 -47 46 15 -90 -7 -33 11 18 -58 -5 67 95 -78 -15 59 10 -18 72 -39 -67 -22 -48 -46 -93 -63 -31 95 -21 -17 61 33 40 75 43 -75 40 63 -93 -72 21 -72 -46 -20 93 -56 81 20 16 10 98 -67 88 19 -50 45 -54 51 
-21 -15 -12 9 -72 -21 77 40 92 -87 -78 -15 -53 -17 -100 -36 29 -25 20 83 -50 22 41 -51 39 -10 -22 -65 -62 -95 90 69 -15 60 -62 60 -63 58 15 -2 22 -45 88 49 -88 -38 -90 8 -56 -66 -8 0 -45 -48 -89 83 10 83 86 -81 -71 -5 79 44 -84 -19 8 -92 68 60 73 -53 29 -41 -25 35 -92 28 -47 38 -84 -8 -98 80 93 -4 -17 57 -76 -13 100 -2 -9 98 18 30 -53 -4 42 -39 
-42 -95 29 -91 -17 88 -26 10 78 -13 57 -76 47 49 -68 -19 93 10 -92 13 -74 -83 -99 -47 59 87 -15 -70 42 87 5 -33 69 72 -89 -49 -21 68 -63 -12 -48 -63 2 86 61 -54 -100 72 -3 -100 -43 -27 94 11 -23 16 79 -69 35 -46 37 30 7 -72 -34 -86 39 -72 67 -25 82 -29 -42 68 -53 82 7 63 73 -56 88 20 35 97 40 8 8 28 20 48 -32 -4 88 100 23 -11 -93 4 81 -54 
-71 -42 75 -19 -48 -1 74 79 -56 -97 -85 -77 12 -94 22 -85 16 51 48 34 10 -42 -52 55 7 -74 -29 29 -56 -86 18 -36 -15 -31 -39 78 -7 35 17 1 -15 -35 -93 -47 80 96 61 -41 -55 100 -15 49 -100 84 -47 -25 83 73 40 47 64 48 20 3 66 -7 -61 -100 47 -12 -22 -36 54 97 100 -17 -40 -35 -89 16 -61 94 -10 87 16 7 -57 72 42 -81 14 50 -15 -37 79 57 43 31 44 -26 
-91 25 -100 -82 54 -41 -99 -77 37 85 -67 85 -4 21 -69 33 -89 21 -67 -3 -33 -89 -66 32 32 -51 -75 20 -22 84 -60 89 13 -92 -99 21 -3 73 33 43 -15 -99 86 -97 -43 -25 -21 -76 41 91 -85 -15 21 29 71 -19 58 -13 1 4 75 15 -69 46 -15 -40 70 85 93 53 11 4 -53 -94 66 -51 88 -16 -77 -36 -70 -44 -68 -96 -47 87 -96 -64 -34 37 -20 45 -72 -93 -41 43 42 77 4 14 
10 100 86 -82 16 -73 69 -29 -21 78 20 42 72 -14 -11 -16 25 -56 -42 80 -27 16 2 -11 47 -34 -27 11 93 66 44 19 -59 33 38 71 -86 98 72 30 -31 9 35 15 17 0 100 -40 -38 -70 92 16 -4 -1 80 -70 4 68 44 32 -69 64 61 25 49 -47 -40 -18 -95 70 -53 24 -100 79 -73 -76 -40 88 55 42 58 -81 -84 83 61 43 -49 -79 66 56 -100 -16 -97 -29 92 -60 32 15 1 14 
83 8 -100 -77 28 18 86 -31 -78 -51 -52 14 -21 52 30 44 88 76 -24 -19 -55 31 -21 5 72 -13 -53 27 64 44 98 87 36 32 -28 5 33 -65 61 -18 43 -58 72 -54 -60 -88 39 42 80 77 -53 38 -39 66 -46 -25 -56 -91 14 -91 38 -76 -63 -4 -17 -24 9 45 -98 16 -28 17 16 -71 14 -75 -58 -60 54 58 -23 93 -81 16 -80 71 -78 3 46 -95 82 44 -1 70 -7 36 23 -65 -40 25 
18 7 20 45 -26 43 -27 -4 60 -24 -55 76 85 31 56 -69 52 -13 96 24 80 -2 93 84 88 -27 99 33 23 -31 -87 56 51 48 -80 12 -23 72 66 4 -97 64 -23 -17 16 32 -75 96 34 22 72 -34 -10 13 -66 -44 48 69 -61 88 -49 -73 35 17 -85 56 36 -51 -90 62 98 28 33 20 33 -11 -27 -38 -84 2 -93 -89 76 -39 -98 34 37 -11 -56 -57 25 84 65 -20 90 -1 -57 19 -23 -92 
73 17 -58 -97 -36 57 85 91 -99 -71 -57 29 65 -33 -79 82 99 -5 46 -64 83 49 -16 95 -52 95 -65 -23 66 58 90 -39 21 19 92 40 11 -50 -30 -93 -56 1 47 52 -74 17 -33 92 93 82 -36 -40 35 -65 -4 90 -99 88 51 -27 -77 50 15 -28 92 -96 25 27 -90 -35 -67 59 -64 64 -79 -64 -1 63 77 45 -76 -67 -84 78 52 24 -41 -79 5 81 -18 -74 -11 49 34 -34 21 100 75 -78 
65 -64 -20 83 -62 26 60 -72 -25 88 60 96 -100 -91 -34 84 98 12 47 76 -2 -22 -64 -30 -66 58 94 -56 60 -78 59 -57 -70 98 6 87 45 3 -97 -1 87 23 83 26 -40 20 91 17 -18 -37 -6 15 78 28 8 -19 60 -49 68 -99 41 31 -47 -81 -34 11 10 78 -76 -37 3 73 65 15 31 -29 4 54 -98 29 53 -15 55 60 -16 -8 39 -67 30 -87 -36 4 -56 -54 -57 34 -50 -89 -62 -78 
-55 37 -30 13 76 54 -57 26 -75 -8 -84 -85 -40 94 31 7 -73 47 -14 94 -45 43 76 -66 -46 72 -12 25 -75 57 -35 -52 -30 -12 59 -65 4 -79 -98 49 -76 -53 78 55 81 -74 44 79 5 78 22 23 54 77 -93 -2 -43 -43 -53 8 49 -67 -43 -96 54 -47 46 67 -9 -83 -78 -40 -90 -14 -51 -33 -43 -10 -46 16 66 -59 73 86 63 -54 -58 56 49 -70 29 -55 -52 -51 23 88 52 -83 -8 -14 
6 27 49 9 54 -10 -14 36 66 4 37 -10 10 54 -25 -71 61 -44 -15 -29 -89 -89 -46 -92 -9 -13 -83 30 -73 -79 85 12 -16 94 24 84 49 39 -13 31 82 99 0 -93 29 50 0 -77 -94 -78 8 11 -61 30 -9 -10 -36 -54 -2 15 52 38 90 17 -34 3 38 5 13 -38 -95 22 47 -70 -4 5 -55 -49 97 -91 -96 53 32 35 88 15 -96 -69 83 70 -53 36 35 -76 -7 -9 45 93 85 80 
-31 76 -32 62 55 -89 -74 -81 -44 -93 -74 11 61 59 75 -27 39 50 20 -39 32 51 -81 27 -60 -78 27 -36 -48 -20 -98 -4 -66 -36 -60 84 87 73 87 85 50 24 -63 76 -75 82 -70 -71 -85 70 -74 -46 22 -19 65 -76 -50 -67 43 -64 5 -28 49 -74 59 57 81 -36 92 -83 66 -26 79 49 49 -60 -68 34 -50 -65 38 -16 -87 -56 -50 76 26 -40 -58 -86 45 -72 -32 -18 91 -79 70 45 67 36 
-21 -47 1 18 49 -94 30 27 48 -27 79 29 85 64 63 53 44 68 85 -36 -35 -58 19 -39 -35 -1 -23 -10 40 26 -82 54 76 95 51 -44 -84 -99 35 -61 -38 7 8 -23 -33 20 -38 4 74 56 -46 88 20 -30 -90 -81 -45 -20 5 84 8 -7 -21 -52 28 -86 -35 80 -55 -22 -35 -58 -15 94 35 45 49 -19 -94 59 -96 88 69 -63 71 -86 -53 52 -95 -17 -66 65 5 80 58 -59 22 -10 -53 28 
82 -12 10 -2 98 -49 -76 -78 -23 71 90 90 -1 -88 -8 -98 -44 -34 16 27 73 48 -26 -38 -5 -85 75 4 -13 77 -20 51 99 -28 -5 -49 -47 -55 -78 -18 -18 -60 -42 -75 -46 -15 99 14 78 -40 79 65 79 38 91 21 -66 -50 28 11 51 -2 -80 -32 59 -31 -87 -54 69 -86 -69 19 -64 -83 -67 57 -21 11 -4 21 -59 -6 -3 -92 -23 32 97 61 -61 -84 12 -54 -20 4 -71 43 -85 0 -77 -91 
-75 -82 67 -25 -49 87 74 -69 -40 -83 -8 71 -60 64 61 70 28 45 -46 -59 -62 -13 20 45 40 25 21 -97 -66 84 -95 96 70 -91 -94 42 -37 2 63 -52 10 -92 1 61 86 71 86 -20 -28 -74 -58 35 -81 -85 -48 82 -65 -4 -89 -38 -46 -18 -99 77 49 11 -61 64 42 78 -35 -9 82 97 -13 -7 14 77 86 93 37 19 82 57 8 77 -63 -67 -71 -96 -8 96 37 -95 -59 0 88 60 90 -23 
15 34 98 -63 10 -14 -71 -4 -5 68 -33 -45 23 -23 -54 -100 8 -29 -6 81 55 -40 3 45 -37 -10 -63 -61 50 18 -8 -74 -46 16 50 42 -100 -15 -19 48 52 59 -10 -91 10 -49 -17 61 -20 -3 -27 78 -76 40 -50 -27 54 -75 -49 8 49 -95 57 -55 -35 -61 18 61 -23 93 -93 -3 -15 -26 9 -56 34 61 -10 -86 -93 91 21 72 65 49 72 -23 -93 96 -30 87 -55 -64 94 91 -6 -26 98 -93 
56 -14 60 -47 15 6 14 15 45 -59 -94 -13 -1 54 10 0 -87 -61 -59 -89 76 79 -9 21 25 56 -55 -19 47 68 -84 50 -4 -36 17 -32 66 -83 44 -40 -72 -77 -37 41 -17 36 82 -23 -39 -93 -46 58 -85 -67 -99 65 -13 -24 -4 74 34 -91 -42 -100 -3 86 -99 -23 -85 65 -68 24 -63 -90 -51 -86 89 70 -62 66 -42 61 -15 79 -64 35 30 -60 24 38 -53 99 -70 -40 2 -100 20 -25 -44 -84 
56 5 38 -14 12 81 -44 -11 -6 -86 89 32 30 -10 75 4 52 -75 51 -13 60 -16 78 -1 83 -66 -69 -42 -17 -8 12 80 8 97 -75 -29 50 -24 11 -63 -46 -87 -64 29 -3 30 -48 -45 40 14 -30 -29 -70 35 80 100 31 -39 88 7 64 31 93 -77 98 -79 39 -57 -69 55 -32 -38 95 -58 22 -2 44 -43 -18 18 -9 -25 45 64 -59 -54 15 98 8 61 -64 81 -27 -87 62 -92 24 -19 66 -17 
18 46 52 -35 -28 8 37 16 -96 -45 -35 43 61 -38 19 32 -90 -5 -85 -10 -42 -80 -8 62 -46 -86 60 -44 18 59 -46 37 64 -18 -72 87 8 -35 31 -10 84 38 81 -61 81 84 -31 90 68 -10 13 5 9 -43 -16 -9 100 -96 52 23 39 65 8 -73 -6 -32 0 91 -78 74 -53 -56 95 66 55 87 35 -36 55 -90 7 98 11 76 -34 -73 3 -31 -64 -85 2 -94 -42 -3 97 -62 31 -11 -87 12 
-61 61 -49 -16 82 48 0 -52 20 -54 -65 38 -93 -91 -74 37 -3 27 -35 86 95 -40 -8 7 -50 -96 3 71 46 87 -26 88 -58 65 -17 -80 6 -38 -97 -66 -13 -25 39 -43 -31 91 -42 -71 -19 -1 0 -62 2 9 -75 84 54 -58 -35 62 83 72 -58 45 -55 63 -49 0 -61 96 -70 44 -32 32 5 53 -12 73 -92 3 55 -77 80 31 15 64 -12 -74 77 82 94 -42 -48 -46 46 -11 72 -2 -5 -82 
-40 -44 35 84 83 -48 51 -32 -62 -93 95 1 -45 -24 -9 40 87 -60 -74 8 81 -3 16 20 -11 87 -50 85 60 22 1 20 -74 93 -24 42 57 90 -77 25 91 -54 -85 -73 72 36 -16 -3 -10 -64 41 58 83 -78 35 18 18 52 45 0 -45 83 -54 94 84 31 -76 -31 -40 94 -3 69 30 -25 -44 21 30 4 93 97 49 67 47 45 -60 -18 -50 -96 -72 1 -3 -98 -75 -76 56 -44 65 -37 42 99 
-38 -93 -35 52 -77 43 -3 -44 -21 -20 46 100 30 20 22 -41 78 -38 -4 -25 -87 -20 -99 -23 19 -57 -91 88 -23 -6 -56 -37 83 86 22 21 10 -42 78 30 -14 84 -28 97 73 97 42 3 -46 -27 28 42 46 64 62 25 -50 -97 -66 -70 21 -45 54 -35 65 -48 37 -90 -48 -12 -38 -59 -18 37 71 91 -93 86 -3 -57 -2 -79 47 66 -66 61 69 -22 94 -78 48 -40 -87 5 54 62 18 -86 -84 4 
93 -99 -40 87 -100 -65 -55 -62 -56 8 14 -5 -44 -3 -40 32 -17 91 39 38 70 10 -61 47 90 -53 56 49 14 -44 23 50 -82 -99 28 -34 85 80 85 -44 -49 35 69 -62 34 63 -27 5 -56 -21 -20 -19 42 27 80 -12 38 76 4 -31 -71 81 -6 -10 97 -17 76 80 -22 -4 21 75 13 -77 90 -24 48 -45 77 -25 -51 29 -6 -82 87 18 83 8 -29 80 -7 -81 -91 -56 -47 47 82 -77 84 -41 
55 -31 -30 -11 62 44 -24 75 -77 28 15 76 -73 38 -18 -96 7 91 65 -16 51 1 -39 31 24 60 -84 0 87 100 43 31 99 95 -80 21 -38 55 -98 -32 53 42 48 54 31 -40 59 -87 49 -46 81 21 79 -65 -34 -26 -75 53 79 89 9 95 2 51 54 -61 -71 -6 -63 17 74 -76 20 94 -12 95 -84 99 -31 95 -20 12 -12 67 76 -12 -8 82 -72 -86 -90 23 -62 33 75 44 33 69 26 46 
-2 58 54 -45 39 83 31 25 92 -24 12 -15 94 87 -35 9 -48 97 99 20 -63 1 -92 -59 -34 76 75 51 56 -33 -43 -13 -90 -54 -99 87 -51 -100 15 71 -1 5 -60 65 -22 94 19 -97 81 66 -99 14 91 -38 44 -6 -11 -85 46 -65 -48 -39 37 -97 35 -10 -76 -34 -71 -43 -18 59 28 11 -76 -76 61 -46 26 94 -2 -60 5 -26 -25 29 15 5 -57 53 52 54 11 9 -97 20 20 49 -12 -9 
-52 46 -34 -22 -27 12 50 58 5 72 -82 -90 -12 -23 -65 -11 11 -17 -57 -93 -57 3 -57 -49 -57 -3 86 -18 37 -63 93 -73 -84 -55 67 62 -88 -10 45 -63 -8 8 -100 -95 -82 61 -92 -96 4 96 -17 1 36 12 -23 -74 -57 -41 54 -46 -12 59 -6 -79 96 -87 20 -24 -65 15 69 69 -68 -68 -28 83 -85 77 -43 -23 -39 85 18 -26 -10 28 -17 39 22 58 -93 82 49 -12 -48 -49 26 73 78 99 
65 -40 -71 27 -93 -85 -32 91 41 -38 94 -17 -76 48 27 98 0 89 1 83 -14 51 18 15 -79 38 -97 74 92 23 28 -24 52 80 67 -30 -62 -20 79 21 -43 -2 -45 -22 -27 -69 38 36 86 37 -45 70 98 -100 12 -14 81 27 19 96 32 87 -72 -20 -69 6 -4 12 -7 -24 31 -38 2 42 -48 -97 29 16 -89 97 -27 65 -50 78 -68 53 -72 -17 80 57 -48 99 -96 45 37 -28 -90 31 -20 -47 
-97 13 46 -95 -43 57 49 45 54 29 76 99 44 43 73 76 -54 -80 -76 44 -82 53 13 66 46 -15 -32 -75 80 71 -73 -26 49 90 47 85 25 -54 -48 66 -38 36 71 41 84 -4 -29 -52 -42 -84 72 69 37 84 -45 49 53 -12 -12 22 8 -68 -79 93 -13 71 -53 56 -26 -79 -86 79 -57 -63 -46 22 -100 89 -29 -71 43 98 63 84 58 -52 -47 -6 48 100 38 -85 97 68 -65 -18 -59 48 -10 -55 
-79 -57 29 87 -39 73 24 1 -68 19 54 -55 -37 97 20 74 8 6 89 25 -34 9 -1 38 -87 77 26 14 41 87 -84 -35 36 39 -37 -87 -7 55 -6 71 -34 -39 -76 -23 -75 -37 -100 -87 74 12 -93 -15 -1 36 80 52 -16 56 -3 -10 78 -10 4 -91 -63 -75 69 -43 -29 40 97 -62 3 14 -10 81 92 46 -42 -1 22 -12 97 4 -17 -41 96 17 97 -100 -14 -65 4 -58 53 33 84 -98 52 -98 
9 11 88 8 -11 80 -100 -69 50 72 -10 -56 99 26 95 -84 -100 43 28 -73 61 15 73 11 -79 -34 -64 -9 12 95 59 -66 -20 -11 48 74 65 -79 99 14 80 -54 41 -89 78 -83 26 -92 -16 100 29 37 70 -47 -68 -44 2 49 -88 -8 16 -57 -28 5 5 -93 39 97 10 49 -48 -21 22 -98 -63 38 56 32 12 40 25 -90 48 -84 19 26 93 95 46 31 -52 22 -32 -18 -47 17 -60 97 46 -8 
96 15 -71 -46 4 91 89 53 83 -34 35 22 21 38 -9 -60 -49 59 -38 -6 -32 -54 -14 -83 -71 29 16 -79 43 3 -39 22 -43 19 -37 -11 97 72 -32 -77 -18 -85 -84 -99 -66 53 -31 9 -60 -18 -18 -25 82 62 -95 18 -66 52 10 -99 -7 60 -82 -32 26 76 -37 12 18 -38 7 1 80 -74 -96 35 -1 -96 -86 -24 43 -97 11 -22 -48 98 47 -4 -25 90 -2 36 37 -61 -55 -97 0 -39 -47 13 
-43 -34 -70 40 19 82 -88 70 71 70 15 -26 31 80 -35 -7 82 16 58 58 40 84 -45 16 13 -32 -60 -76 53 3 -87 13 -3 -46 -88 17 -96 -92 72 -76 -81 54 12 -97 -45 97 -73 64 34 -69 96 -5 -23 30 -74 62 -73 -29 55 -9 -60 -83 40 -20 22 60 41 -84 62 48 89 64 69 35 85 63 6 67 11 92 -65 -88 89 78 12 -22 -17 -53 77 -58 0 59 -69 8 11 -6 37 -47 -23 100 
-58 31 -5 24 19 77 25 51 -89 -78 -57 7 9 -8 0 62 -78 -53 -85 86 11 -69 25 -70 -29 -17 3 15 -48 75 49 -8 -92 -61 -60 -2 62 -83 79 94 -47 73 11 32 93 -68 88 56 60 15 34 31 40 -51 -34 7 82 -60 78 59 -39 -39 47 51 -65 -94 29 63 -74 6 26 -1 -79 -17 0 34 3 97 84 8 -40 23 82 -4 -89 -88 -25 99 -64 -29 -19 -25 -81 -95 -45 89 70 -44 49 -33 
-71 -37 74 -8 99 -81 36 69 44 -7 -61 98 -67 -87 -65 41 -5 56 -55 -93 47 -88 -23 -44 -78 18 72 93 25 57 57 75 16 18 92 -58 -4 5 -33 -22 81 11 71 85 16 -6 -9 23 -43 -13 -58 -76 -49 -47 21 28 -51 -34 -26 -14 -98 -18 -41 -61 -22 -76 60 -98 -100 -25 90 43 -67 85 54 76 -49 -80 53 -51 27 92 59 48 -55 25 62 56 45 -93 -41 4 -66 -10 -7 -37 -90 95 29 -89 
21 71 -19 -77 28 93 -63 82 -73 2 76 80 -9 -45 15 59 10 24 -2 -42 -12 10 -58 83 -3 75 93 8 42 1 78 52 -89 0 -96 42 -85 31 -81 3 74 -21 75 13 84 44 -78 54 -85 -17 -18 -49 88 -86 -21 -83 37 -81 -60 -63 -65 26 65 -5 82 49 32 -90 35 82 -11 37 -5 68 -55 27 -6 0 -35 21 -38 85 46 -17 -37 55 85 -54 -47 -52 -80 96 8 80 -88 -59 32 -88 62 -52 
83 19 75 -8 82 89 -59 23 91 81 28 75 -36 26 -74 -75 64 -50 1 -66 -18 34 24 -15 30 -59 -8 -15 2 -20 75 6 -35 74 49 34 17 18 72 77 68 -53 -35 19 17 73 61 -88 94 85 31 44 -62 -91 -42 -35 79 -42 27 54 81 -87 87 55 96 73 -27 -35 -97 79 86 -39 -23 -14 89 -71 7 53 89 -52 28 -8 55 -74 46 -36 -94 -95 -47 34 70 -16 -63 26 -13 -18 -66 16 3 27 
