39 61 -51 -28 -4 -81 87 -47 42 17 -39 -48 74 21 -83 -48 52 -70 35 -56 -79 -86 -66 -83 -9 67 58 -5 58 -38 -18 -44 3 40 82 -37 -83 99 -2 89 -55 88 -28 5 20 85 16 36 -60 -87 
46 -95 -82 -56 -1 0 -86 66 -21 70 59 -89 -92 -46 -66 -16 -7 13 -95 42 91 -51 85 76 30 -52 -4 8 23 41 74 -5 81 81 36 -83 12 -35 6 -96 -49 -23 5 83 73 -9 25 -92 -92 44 
9 -42 -56 29 81 -69 70 -69 27 -64 -38 20 -96 -33 33 -20 60 -86 -55 56 99 56 -29 10 23 61 -65 59 93 -99 71 -30 -79 35 -60 -73 -75 41 -49 16 11 -38 -45 -49 64 34 -14 70 87 53 
-41 5 -88 50 58 -66 -65 -20 68 62 -52 88 -43 35 -89 42 88 -94 -33 -65 34 -43 -38 -83 -21 29 42 6 11 55 21 -74 73 99 42 -66 85 -45 95 14 -48 -58 29 24 -81 -81 -65 7 36 -84 
34 88 84 -62 71 96 52 57 28 27 -81 -95 -80 -40 -24 22 54 48 64 -69 72 74 11 -95 -36 17 -71 11 55 65 12 3 -59 0 -65 14 3 -35 1 21 96 -20 -1 73 -20 -86 83 -87 -57 85 
0 -59 45 -54 -84 -90 63 -58 -10 63 71 -24 64 25 58 -18 72 12 -5 -92 -7 9 98 83 79 21 -98 53 -57 71 -80 66 -42 99 -95 -79 85 70 86 -15 -74 -15 -74 70 -14 81 35 55 -20 9 
85 100 94 87 -62 55 -79 -47 52 27 87 -25 -52 12 83 -42 6 96 41 -81 -78 55 -61 -83 -99 97 44 89 -13 20 95 66 17 -30 -54 92 -29 21 -67 -16 15 -56 20 -60 60 61 5 52 56 -24 
92 11 76 66 12 -36 58 29 74 13 -96 -66 -67 -87 41 -48 50 13 -2 -66 7 -29 52 94 -20 -62 82 98 -49 89 21 -79 36 -3 90 -57 90 32 -73 -62 85 6 -13 10 39 39 85 -14 -64 38 
32 40 -23 15 -73 -10 -62 -82 6 55 31 25 -35 42 63 -100 -81 84 -16 70 -39 -77 96 12 34 -74 6 55 -3 57 45 62 30 -89 -71 -65 -67 -58 -27 74 -48 -22 -14 61 75 8 -66 -27 31 -91 
-29 47 23 83 46 95 51 80 23 1 100 24 66 -10 2 42 31 -88 -11 9 -48 -83 -87 17 -83 -7 -82 -48 61 -62 83 4 2 28 -64 -90 2 98 42 67 18 -30 6 66 -8 8 -79 1 31 55 
5 -1 -72 18 -36 -20 -1 26 20 63 24 -14 25 -4 -38 98 -68 -73 87 -47 20 21 -13 49 68 48 -42 -3 -6 -3 69 -97 17 -97 59 80 19 -28 -58 65 -86 100 10 7 79 87 3 74 64 99 
83 9 25 -55 75 92 -90 -81 -51 -53 -10 87 -26 -36 -100 76 -66 48 -30 -5 -22 -28 57 -44 71 -60 -62 14 -33 9 97 -60 43 -85 83 -71 67 51 14 -95 83 92 91 -49 -15 -26 21 -30 74 -38 
-77 39 91 62 -4 44 77 -36 -29 26 -82 -50 5 -96 -32 -36 69 -66 75 -17 4 96 -6 -13 43 59 24 -91 -6 -44 85 76 -21 27 64 -19 -44 40 -96 95 74 -52 32 -69 -57 34 -53 -89 -7 67 
48 -59 -100 -49 84 79 5 24 -85 -93 30 -41 -25 -53 36 70 66 88 -14 -45 -92 89 -78 -92 -68 -79 91 -66 -15 -94 -28 90 83 -25 28 -56 -75 -1 24 -44 -77 -80 55 83 -68 21 45 -53 -2 62 
-35 -39 38 99 -85 -53 -59 -76 -55 -52 -60 96 23 0 -55 64 -30 -93 -17 27 72 -39 36 47 92 38 -64 31 -71 -58 44 -57 -63 56 -34 77 61 71 -81 73 100 100 -85 63 -72 -46 -85 -59 81 -13 
-8 -26 -84 39 17 47 -24 11 31 -52 -6 -24 -90 0 13 -75 19 -68 48 71 -51 -45 -89 -2 -26 9 -46 11 4 93 64 -71 79 -1 -68 -88 82 37 49 51 -47 -69 9 -87 -19 57 -22 -72 36 -82 
-54 -22 81 2 -36 83 -96 -40 -38 4 -44 -4 20 -95 -59 100 -86 -55 -39 100 97 47 -81 -50 -15 60 -7 43 71 -25 79 5 -55 56 -91 -49 80 89 14 -11 -98 -1 33 -67 72 -10 54 -25 -82 51 
-83 -19 -33 90 -96 60 43 51 -95 -4 50 19 45 -58 -22 50 -27 -29 30 3 84 -55 93 -14 -36 -48 37 -58 82 73 56 -9 47 -74 -62 3 62 -1 64 10 -36 -60 -31 23 38 68 -92 -85 48 47 
4 -23 57 -24 -10 31 -66 -75 25 -5 28 -84 24 95 72 -45 -65 -90 98 -38 -19 -91 3 -68 84 -25 78 71 -45 -83 -56 36 20 -19 13 -92 38 -33 -26 -70 -59 -93 -21 -33 -63 -32 -57 22 74 24 
74 29 62 -99 -13 -56 -28 40 70 -67 88 -72 -31 -47 -12 -90 30 -69 0 63 30 -41 29 -90 61 12 18 -56 -1 -89 4 21 88 -58 -66 25 -14 -24 -97 -49 -4 84 59 -97 -30 -85 3 69 46 -23 
38 -53 38 -13 80 93 79 -32 -27 -84 -53 10 -3 -40 3 -29 -68 -75 -28 -59 -46 -64 -42 4 -69 20 79 60 -6 -30 -33 -70 96 63 -4 65 41 -1 14 17 62 94 23 -67 100 13 34 -66 -81 -79 
-14 84 -24 50 41 0 -84 -47 70 -45 -82 46 -47 -96 49 34 -66 -14 -99 -99 74 20 -81 -17 -83 17 -52 71 -79 17 -95 -76 -59 55 40 4 -66 -5 -63 -45 -53 -16 -97 -16 -87 -71 -85 38 -80 35 
25 -90 67 29 71 99 -38 74 53 55 -3 -88 21 -50 25 73 -70 -75 83 -16 36 -21 51 -67 41 10 -100 40 -44 -26 77 18 63 -10 -71 6 -7 28 6 88 -38 22 -38 -26 -70 56 -51 43 -83 55 
17 13 -78 71 -10 82 64 45 -80 -56 -13 8 77 67 -44 21 -62 29 -97 -51 -72 80 -68 -22 97 70 -30 17 98 -46 -25 30 59 25 33 -58 -61 33 -52 -36 -44 -81 -100 61 -82 -13 -63 48 -90 -33 
98 -100 51 93 62 -65 -17 -83 25 70 -93 -76 67 94 6 -36 -85 -61 39 15 7 -50 45 -44 60 -57 -97 -47 100 -64 30 -61 -84 11 -51 85 12 63 36 -37 59 87 64 19 81 -47 71 -7 -28 47 
-27 53 3 94 -69 3 -36 38 -57 31 -86 -47 -86 91 49 -60 93 68 -57 -75 67 26 98 -25 -52 -10 100 12 90 64 43 99 -5 -50 43 -39 -21 -33 86 -92 13 -100 22 -15 -76 -57 -90 50 -78 86 
-83 -98 81 -15 10 69 73 21 83 84 43 84 14 -61 65 -33 -66 3 40 30 -59 82 -32 90 -5 -50 -32 84 -17 -100 -13 42 -6 67 91 69 10 -99 -35 -20 87 -22 -65 -35 96 -32 16 -17 32 -61 
62 -36 48 78 -55 -95 58 -55 -27 -36 91 -33 0 93 91 -13 14 -95 44 -47 39 -3 47 46 93 41 -62 -28 66 65 -12 -19 48 -28 -95 16 -73 27 -36 34 66 68 -11 -43 57 10 -44 -65 64 98 
-41 95 78 16 -71 -73 -69 23 -6 58 -71 36 -61 -24 -77 89 68 -89 -42 -79 -12 -94 24 -71 8 83 -87 28 34 -78 43 79 59 -47 -15 -3 -90 4 -51 11 -97 74 83 -14 42 -73 -40 -66 79 62 
59 -84 -96 -55 83 35 -1 -28 -9 -96 -94 32 -52 -85 -49 -17 17 -46 78 10 8 -38 97 -86 -40 -47 84 -85 -33 -67 -17 92 -88 -58 45 20 -90 47 30 73 56 14 91 -82 55 87 -62 -73 -21 78 
-34 80 -80 -78 -90 4 -75 -48 -95 -80 80 74 84 -46 -100 -92 39 -85 6 35 59 100 -82 14 -91 -55 -57 71 49 -2 27 9 40 -93 -84 5 -11 -64 35 18 -47 -33 -25 -39 70 72 25 90 49 18 
-100 -79 97 -58 -15 59 -61 -95 -60 -27 -65 -100 96 80 91 31 53 7 24 -74 -34 92 -63 22 2 24 -5 44 85 -8 -48 -34 38 -5 -47 -32 94 -64 -65 13 38 43 -33 1 13 82 -46 87 10 57 
-32 -26 79 -51 97 100 94 -95 -48 -17 17 65 41 54 40 30 4 13 -9 -38 -5 -3 -69 -35 -9 -21 37 -24 -52 -18 38 53 22 19 -63 -95 -89 35 12 -70 23 0 -31 15 -2 86 -21 71 80 -32 
-55 -84 49 35 33 45 -61 90 70 -1 87 45 -49 -10 3 97 -89 40 72 -58 -8 -14 9 -6 -49 1 -90 85 -77 2 33 -10 7 -25 -4 -59 54 -9 -4 -44 30 45 16 7 -32 37 57 -13 -33 -81 
44 -27 -81 -37 30 -93 27 77 -73 100 -39 54 84 -52 -6 59 76 62 4 -88 53 94 39 -16 58 53 57 -34 87 19 -75 86 -99 30 71 -3 53 17 2 34 -85 88 -87 91 56 7 92 63 95 4 
-62 -28 28 -70 -90 57 25 -63 -92 83 60 -32 -83 99 78 54 -32 63 -43 -50 91 48 18 77 83 69 -26 -76 8 98 45 25 -29 62 -30 -9 -67 -26 -39 -62 67 9 -95 53 15 -47 -52 24 93 54 
63 95 46 -63 -47 -90 68 -69 1 -73 40 -55 29 91 -41 -35 77 82 -67 11 89 18 7 25 -2 85 -88 13 -93 64 34 -63 -60 54 55 -47 -56 -44 18 43 33 19 52 15 -69 18 -15 -100 -69 -34 
33 46 -12 28 -80 -84 61 41 -91 -25 -90 54 1 19 -64 7 -63 -42 42 -98 59 -12 20 -27 92 -93 20 24 89 -35 48 91 4 -56 40 5 53 -54 -54 89 3 93 -50 97 97 77 -82 11 87 -94 
-14 -62 -36 100 -52 1 -1 -17 -14 -88 11 -92 -42 -89 -7 -67 36 -15 -18 93 29 -77 -15 -3 -99 -56 89 -1 -20 -97 -22 -99 -2 83 -71 -24 50 61 72 78 30 43 83 57 58 -82 19 99 68 -28 
-51 7 48 17 -10 41 16 -96 -47 -3 92 91 46 -86 -12 75 -95 -60 -41 -58 -67 39 68 -44 66 -71 -98 73 85 -95 -39 91 45 18 63 -60 -47 78 35 -91 -18 -25 43 64 6 17 83 -97 16 72 
27 81 85 82 26 52 -16 15 -83 53 -29 -63 -90 16 39 -81 59 33 41 76 -24 -94 -34 49 68 63 26 -37 -54 50 8 -27 0 -71 -29 25 83 -18 42 -93 -95 -90 33 55 99 -20 94 -21 94 -39 
90 68 70 34 -87 -84 -50 86 66 -23 -16 -69 41 -80 30 -40 -76 38 -80 80 92 -80 -28 -30 59 -22 -87 10 -97 92 -81 -40 -70 -65 -30 -48 29 -47 52 -21 89 -31 -96 -71 -56 76 -62 -21 52 -44 
-21 -45 -96 72 86 25 57 71 54 -94 -9 33 25 64 -71 84 -45 99 -21 57 -27 -13 93 -36 76 -67 64 55 8 -45 -94 93 -93 -69 97 -98 -48 40 12 -93 -78 98 47 71 19 -26 93 90 -41 -65 
-37 28 -4 24 -89 68 23 32 -12 80 -73 -94 16 85 -38 -2 -88 93 -19 -21 76 -60 -95 -14 65 29 -32 -69 93 42 -32 -65 86 36 -52 -92 36 -54 -22 -54 32 -22 -19 85 -78 32 -46 -43 94 82 
-7 2 97 27 75 90 36 -12 26 73 -63 39 50 -67 42 79 -8 -35 -43 -47 55 -74 -4 47 62 -57 99 -83 21 -69 29 83 -62 93 -12 39 13 85 -42 -18 48 22 61 -83 -93 -73 -52 -91 75 4 
-37 22 -23 -86 7 99 -2 -45 -36 -23 -14 52 13 36 -88 -28 2 -97 31 -15 -23 -80 74 53 -89 -4 -29 -45 55 17 -14 65 -42 -86 -93 98 92 -15 -48 -91 12 6 -61 69 -47 -97 50 60 100 43 
84 -98 -87 -27 -82 66 -59 -44 53 -18 -81 -8 69 -35 -24 -93 -22 51 -39 -52 70 50 -2 53 80 -45 15 23 37 55 45 53 -98 -35 59 43 -53 -27 -23 52 -52 -1 22 -59 75 98 87 -37 31 64 
94 86 4 -53 -21 28 58 6 -32 -83 -58 62 37 86 52 -22 -14 74 5 82 -77 54 8 79 52 2 19 -71 -84 -33 23 17 16 29 -64 72 80 -7 -19 65 31 -85 44 40 -25 66 -47 89 23 65 
-44 -84 25 -61 12 14 8 64 2 -14 78 15 32 35 8 42 -80 47 -71 17 42 74 -73 -75 76 -47 3 56 -86 -29 58 -86 14 -17 7 -2 -11 -19 88 29 29 45 -89 62 98 -58 46 78 2 18 
47 -38 -20 -54 -31 62 -39 -1 -35 -53 46 -59 -34 70 -10 95 83 6 -21 67 61 28 -29 74 -79 -3 -79 25 -94 96 -50 -82 -85 -33 6 -6 -67 -75 -16 17 -9 0 -73 -37 -14 28 70 21 43 56 
